Soaplab Report
==============

                            Soaplab servers: 	        5
        Web services that are Soaplab tools: 	      655
  Total SOAP operations on Soaplab services: 	   11,229

---

SoaplabServer IDs: (2, 3, 4, 5, 6)
Service IDs: (67, 68, 72, 73, 74, 75, 76, 77, 78, 79, 80, 81, 82, 83, 84, 85, 86, 87, 88, 89, 90, 91, 92, 93, 94, 95, 96, 97, 98, 99, 100, 101, 102, 103, 104, 105, 106, 107, 108, 109, 110, 111, 112, 113, 114, 115, 157, 158, 159, 160, 161, 162, 163, 164, 165, 166, 172, 173, 174, 175, 176, 177, 178, 179, 180, 181, 182, 183, 184, 185, 186, 187, 188, 189, 190, 191, 192, 193, 194, 195, 196, 197, 198, 199, 200, 201, 202, 203, 204, 205, 206, 207, 208, 209, 210, 211, 212, 213, 214, 215, 216, 217, 218, 219, 220, 221, 222, 223, 224, 225, 226, 227, 228, 229, 230, 231, 232, 233, 234, 235, 236, 237, 238, 239, 240, 241, 242, 243, 244, 245, 246, 247, 248, 249, 250, 251, 252, 253, 254, 255, 256, 257, 258, 259, 260, 261, 262, 263, 264, 265, 266, 267, 268, 269, 270, 271, 272, 273, 274, 275, 276, 277, 278, 279, 280, 281, 282, 283, 284, 285, 286, 287, 288, 289, 290, 291, 292, 293, 294, 295, 296, 297, 298, 299, 300, 301, 302, 303, 304, 305, 306, 307, 308, 309, 310, 311, 312, 313, 314, 315, 316, 317, 318, 319, 320, 321, 322, 323, 324, 325, 326, 327, 328, 329, 330, 331, 332, 333, 334, 335, 336, 337, 338, 339, 340, 341, 342, 343, 344, 345, 346, 347, 348, 349, 350, 351, 352, 353, 354, 355, 356, 357, 358, 359, 360, 361, 362, 363, 364, 365, 366, 367, 368, 369, 370, 371, 372, 373, 374, 375, 376, 377, 378, 379, 380, 381, 382, 383, 384, 385, 386, 387, 388, 389, 390, 391, 392, 393, 394, 395, 396, 397, 398, 399, 400, 401, 402, 403, 404, 405, 406, 407, 408, 409, 410, 2012, 2074, 2075, 2076, 2091, 2092, 2093, 2094, 2095, 2096, 2097, 2098, 2099, 2100, 2101, 2102, 2103, 2104, 2105, 2106, 2107, 2108, 2109, 2110, 2111, 2112, 2113, 2114, 2115, 2116, 2117, 2118, 2119, 2120, 2121, 2122, 2123, 2124, 2125, 2126, 2127, 2128, 2129, 2130, 2131, 2132, 2134, 2135, 2136, 2137, 2138, 2147, 2148, 2149, 2150, 2151, 2152, 2153, 2154, 2155, 2156, 2157, 2428, 2801, 2802, 2803, 2804, 2805, 2806, 2807, 2808, 2809, 2810, 2811, 2812, 2813, 2814, 2815, 2816, 2817, 2818, 2819, 2820, 2821, 2822, 2823, 2824, 2825, 2826, 2827, 2828, 2829, 2830, 2831, 2832, 2833, 2834, 2835, 2836, 2837, 2838, 2839, 2840, 2841, 2842, 2843, 2844, 2845, 2846, 2847, 2848, 2849, 2850, 2851, 2852, 2853, 2854, 2855, 2856, 2857, 2858, 2859, 2860, 2861, 2862, 2863, 2864, 2865, 2866, 2867, 2868, 2869, 2870, 2871, 2872, 2873, 2874, 2875, 2876, 2877, 2878, 2879, 2880, 2881, 2882, 2883, 2884, 2885, 2886, 2887, 2888, 2889, 2890, 2891, 2892, 2893, 2894, 2895, 2896, 2897, 2898, 2899, 2900, 2901, 2902, 2903, 2904, 2905, 2906, 2907, 2908, 2909, 2910, 2911, 2912, 2913, 2914, 2915, 2916, 2917, 2918, 2919, 2920, 2921, 2922, 2923, 2924, 2925, 2926, 2927, 2928, 2929, 2930, 2931, 2932, 2933, 2934, 2935, 2936, 2937, 2938, 2939, 2940, 2941, 2942, 2943, 2944, 2945, 2946, 2947, 2948, 2949, 2950, 2951, 2952, 2953, 2954, 2955, 2956, 2957, 2958, 2959, 2960, 2961, 2962, 2963, 2964, 2965, 2966, 2967, 2968, 2969, 2970, 2971, 2972, 2973, 2974, 2975, 2976, 2977, 2978, 2979, 2980, 2981, 2982, 2983, 2984, 2985, 2986, 2987, 2988, 2989, 2990, 2991, 2992, 2993, 2994, 2995, 2996, 2997, 2998, 2999, 3000, 3001, 3002, 3003, 3004, 3005, 3006, 3007, 3008, 3009, 3010, 3011, 3012, 3013, 3014, 3015, 3016, 3017, 3018, 3019, 3020, 3021, 3022, 3023, 3024, 3025, 3026, 3027, 3028, 3029, 3030, 3031, 3032, 3033, 3034, 3035, 3036, 3037, 3038, 3039, 3040, 3041, 3042, 3043, 3044, 3045, 3046, 3047, 3048, 3049, 3050, 3051, 3052, 3053, 3054, 3055, 3056, 3057, 3058, 3059, 3060, 3061, 3062, 3063, 3064, 3065, 3066, 3067, 3068, 3069, 3070, 3071, 3072, 3073, 3074, 3075, 3076, 3077, 3078, 3079, 3080, 3081, 3082, 3083, 3084, 3085, 3086, 3087, 3088, 3089, 3090, 3091, 3092, 3093, 3094, 3095, 3096, 3097)
SoapOperation IDs: (17797, 17799, 17800, 617, 17801, 616, 614, 615, 17796, 17798, 17803, 17805, 17806, 621, 17807, 620, 618, 619, 17802, 17804, 17809, 17811, 17812, 635, 17813, 634, 632, 633, 17808, 17810, 17815, 17817, 17818, 639, 17819, 638, 636, 637, 17814, 17816, 17821, 17823, 17824, 643, 17825, 642, 640, 641, 17820, 17822, 17827, 17829, 17830, 647, 17831, 646, 644, 645, 17826, 17828, 17833, 17835, 17836, 651, 17837, 650, 648, 649, 17832, 17834, 17839, 17841, 17842, 655, 17843, 654, 652, 653, 17838, 17840, 17845, 17847, 17848, 659, 17849, 658, 656, 657, 17844, 17846, 17851, 17853, 17854, 663, 17855, 662, 660, 661, 17850, 17852, 17857, 17859, 17860, 667, 17861, 666, 664, 665, 17856, 17858, 17863, 17865, 17866, 671, 17867, 670, 668, 669, 17862, 17864, 17869, 17871, 17872, 675, 17873, 674, 672, 673, 17868, 17870, 17875, 17877, 17878, 679, 17879, 678, 676, 677, 17874, 17876, 17881, 17883, 17884, 683, 17885, 682, 680, 681, 17880, 17882, 17887, 17889, 17890, 687, 17891, 686, 684, 685, 17886, 17888, 17893, 17895, 17896, 691, 17897, 690, 688, 689, 17892, 17894, 17899, 17901, 17902, 695, 17903, 694, 692, 693, 17898, 17900, 17905, 17907, 17908, 699, 17909, 698, 696, 697, 17904, 17906, 17911, 17913, 17914, 703, 17915, 702, 700, 701, 17910, 17912, 17917, 17919, 17920, 707, 17921, 706, 704, 705, 17916, 17918, 17923, 17925, 17926, 711, 17927, 710, 708, 709, 17922, 17924, 17929, 17931, 17932, 715, 17933, 714, 712, 713, 17928, 17930, 17935, 17937, 17938, 719, 17939, 718, 716, 717, 17934, 17936, 17941, 17943, 17944, 723, 17945, 722, 720, 721, 17940, 17942, 17947, 17949, 17950, 727, 17951, 726, 724, 725, 17946, 17948, 17953, 17955, 17956, 731, 17957, 730, 728, 729, 17952, 17954, 17959, 17961, 17962, 735, 17963, 734, 732, 733, 17958, 17960, 17965, 17967, 17968, 739, 17969, 738, 736, 737, 17964, 17966, 17971, 17973, 17974, 743, 17975, 742, 740, 741, 17970, 17972, 17977, 17979, 17980, 747, 17981, 746, 744, 745, 17976, 17978, 17983, 17985, 17986, 751, 17987, 750, 748, 749, 17982, 17984, 17989, 17991, 17992, 755, 17993, 754, 752, 753, 17988, 17990, 17995, 17997, 17998, 759, 17999, 758, 756, 757, 17994, 17996, 18001, 18003, 18004, 763, 18005, 762, 760, 761, 18000, 18002, 18007, 18009, 18010, 767, 18011, 766, 764, 765, 18006, 18008, 18013, 18015, 18016, 771, 18017, 770, 768, 769, 18012, 18014, 18019, 18021, 18022, 775, 18023, 774, 772, 773, 18018, 18020, 18025, 18027, 18028, 779, 18029, 778, 776, 777, 18024, 18026, 18031, 18033, 18034, 783, 18035, 782, 780, 781, 18030, 18032, 18037, 18039, 18040, 787, 18041, 786, 784, 785, 18036, 18038, 18043, 18045, 18046, 791, 18047, 790, 788, 789, 18042, 18044, 18049, 18051, 18052, 795, 18053, 794, 792, 793, 18048, 18050, 18055, 18057, 18058, 799, 18059, 798, 796, 797, 18054, 18056, 18061, 18063, 18064, 803, 18065, 802, 800, 801, 18060, 18062, 18067, 18069, 18070, 807, 18071, 806, 804, 805, 18066, 18068, 1115, 1116, 1113, 1109, 1106, 1112, 1126, 1122, 1125, 1124, 1110, 1120, 1121, 1119, 1111, 1127, 1123, 1108, 1105, 1118, 1114, 1107, 1117, 1138, 1139, 1136, 1132, 1129, 1135, 1149, 1145, 1148, 1147, 1133, 1143, 1144, 1142, 1134, 1150, 1146, 1131, 1128, 1141, 1137, 1130, 1140, 1161, 1162, 1159, 1155, 1152, 1158, 1172, 1168, 1171, 1170, 1156, 1166, 1167, 1165, 1157, 1173, 1169, 1154, 1151, 1164, 1160, 1153, 1163, 1184, 1185, 1182, 1178, 1175, 1181, 1195, 1191, 1194, 1193, 1179, 1189, 1190, 1188, 1180, 1196, 1192, 1177, 1174, 1187, 1183, 1176, 1186, 1207, 1208, 1205, 1201, 1198, 1204, 1218, 1214, 1217, 1216, 1202, 1212, 1213, 1211, 1203, 1219, 1215, 1200, 1197, 1210, 1206, 1199, 1209, 1230, 1231, 1228, 1224, 1221, 1227, 1241, 1237, 1240, 1239, 1225, 1235, 1236, 1234, 1226, 1242, 1238, 1223, 1220, 1233, 1229, 1222, 1232, 1253, 1254, 1251, 1247, 1244, 1250, 1264, 1260, 1263, 1262, 1248, 1258, 1259, 1257, 1249, 1265, 1261, 1246, 1243, 1256, 1252, 1245, 1255, 1276, 1277, 1274, 1270, 1267, 1273, 1287, 1283, 1286, 1285, 1271, 1281, 1282, 1280, 1272, 1288, 1284, 1269, 1266, 1279, 1275, 1268, 1278, 1299, 1300, 1297, 1293, 1290, 1296, 1310, 1306, 1309, 1308, 1294, 1304, 1305, 1303, 1295, 1311, 1307, 1292, 1289, 1302, 1298, 1291, 1301, 1322, 1323, 1320, 1316, 1313, 1319, 1333, 1329, 1332, 1331, 1317, 1327, 1328, 1326, 1318, 1334, 1330, 1315, 1312, 1325, 1321, 1314, 1324, 18108, 18110, 18111, 1424, 18112, 1423, 1421, 1422, 18107, 18109, 18114, 18116, 18117, 1428, 18118, 1427, 1425, 1426, 18113, 18115, 18120, 18122, 18123, 1432, 18124, 1431, 1429, 1430, 18119, 18121, 18126, 18128, 18129, 1436, 18130, 1435, 1433, 1434, 18125, 18127, 18132, 18134, 18135, 1440, 18136, 1439, 1437, 1438, 18131, 18133, 18138, 18140, 18141, 1444, 18142, 1443, 1441, 1442, 18137, 18139, 18144, 18146, 18147, 1448, 18148, 1447, 1445, 1446, 18143, 18145, 18150, 18152, 18153, 1452, 18154, 1451, 1449, 1450, 18149, 18151, 18156, 18158, 18159, 1456, 18160, 1455, 1453, 1454, 18155, 18157, 18162, 18164, 18165, 1460, 18166, 1459, 1457, 1458, 18161, 18163, 18168, 18170, 18171, 1464, 18172, 1463, 1461, 1462, 18167, 18169, 18174, 18176, 18177, 1468, 18178, 1467, 1465, 1466, 18173, 18175, 18180, 18182, 18183, 1472, 18184, 1471, 1469, 1470, 18179, 18181, 18186, 18188, 18189, 1476, 18190, 1475, 1473, 1474, 18185, 18187, 18192, 18194, 18195, 1480, 18196, 1479, 1477, 1478, 18191, 18193, 18198, 18200, 18201, 1484, 18202, 1483, 1481, 1482, 18197, 18199, 18204, 18206, 18207, 1488, 18208, 1487, 1485, 1486, 18203, 18205, 18210, 18212, 18213, 1492, 18214, 1491, 1489, 1490, 18209, 18211, 18216, 18218, 18219, 1496, 18220, 1495, 1493, 1494, 18215, 18217, 18222, 18224, 18225, 1500, 18226, 1499, 1497, 1498, 18221, 18223, 18228, 18230, 18231, 1504, 18232, 1503, 1501, 1502, 18227, 18229, 18234, 18236, 18237, 1508, 18238, 1507, 1505, 1506, 18233, 18235, 18240, 18242, 18243, 1512, 18244, 1511, 1509, 1510, 18239, 18241, 18246, 18248, 18249, 1516, 18250, 1515, 1513, 1514, 18245, 18247, 18252, 18254, 18255, 1520, 18256, 1519, 1517, 1518, 18251, 18253, 18258, 18260, 18261, 1524, 18262, 1523, 1521, 1522, 18257, 18259, 18264, 18266, 18267, 1528, 18268, 1527, 1525, 1526, 18263, 18265, 18270, 18272, 18273, 1532, 18274, 1531, 1529, 1530, 18269, 18271, 18276, 18278, 18279, 1536, 18280, 1535, 1533, 1534, 18275, 18277, 18282, 18284, 18285, 1540, 18286, 1539, 1537, 1538, 18281, 18283, 18288, 18290, 18291, 1544, 18292, 1543, 1541, 1542, 18287, 18289, 18294, 18296, 18297, 1548, 18298, 1547, 1545, 1546, 18293, 18295, 18300, 18302, 18303, 1552, 18304, 1551, 1549, 1550, 18299, 18301, 18306, 18308, 18309, 1556, 18310, 1555, 1553, 1554, 18305, 18307, 18312, 18314, 18315, 1560, 18316, 1559, 1557, 1558, 18311, 18313, 18318, 18320, 18321, 1564, 18322, 1563, 1561, 1562, 18317, 18319, 18324, 18326, 18327, 1568, 18328, 1567, 1565, 1566, 18323, 18325, 18330, 18332, 18333, 1572, 18334, 1571, 1569, 1570, 18329, 18331, 18336, 18338, 18339, 1576, 18340, 1575, 1573, 1574, 18335, 18337, 18342, 18344, 18345, 1580, 18346, 1579, 1577, 1578, 18341, 18343, 18348, 18350, 18351, 1584, 18352, 1583, 1581, 1582, 18347, 18349, 18354, 18356, 18357, 1588, 18358, 1587, 1585, 1586, 18353, 18355, 18360, 18362, 18363, 1592, 18364, 1591, 1589, 1590, 18359, 18361, 18366, 18368, 18369, 1596, 18370, 1595, 1593, 1594, 18365, 18367, 18372, 18374, 18375, 1600, 18376, 1599, 1597, 1598, 18371, 18373, 18378, 18380, 18381, 1604, 18382, 1603, 1601, 1602, 18377, 18379, 18384, 18386, 18387, 1608, 18388, 1607, 1605, 1606, 18383, 18385, 18390, 18392, 18393, 1612, 18394, 1611, 1609, 1610, 18389, 18391, 18396, 18398, 18399, 1616, 18400, 1615, 1613, 1614, 18395, 18397, 18402, 18404, 18405, 1620, 18406, 1619, 1617, 1618, 18401, 18403, 18408, 18410, 18411, 1624, 18412, 1623, 1621, 1622, 18407, 18409, 18414, 18416, 18417, 1628, 18418, 1627, 1625, 1626, 18413, 18415, 18420, 18422, 18423, 1632, 18424, 1631, 1629, 1630, 18419, 18421, 18426, 18428, 18429, 1636, 18430, 1635, 1633, 1634, 18425, 18427, 18432, 18434, 18435, 1640, 18436, 1639, 1637, 1638, 18431, 18433, 18438, 18440, 18441, 1644, 18442, 1643, 1641, 1642, 18437, 18439, 18444, 18446, 18447, 1648, 18448, 1647, 1645, 1646, 18443, 18445, 18450, 18452, 18453, 1652, 18454, 1651, 1649, 1650, 18449, 18451, 18456, 18458, 18459, 1656, 18460, 1655, 1653, 1654, 18455, 18457, 18462, 18464, 18465, 1660, 18466, 1659, 1657, 1658, 18461, 18463, 18468, 18470, 18471, 1664, 18472, 1663, 1661, 1662, 18467, 18469, 18474, 18476, 18477, 1668, 18478, 1667, 1665, 1666, 18473, 18475, 18480, 18482, 18483, 1672, 18484, 1671, 1669, 1670, 18479, 18481, 18486, 18488, 18489, 1676, 18490, 1675, 1673, 1674, 18485, 18487, 18492, 18494, 18495, 1680, 18496, 1679, 1677, 1678, 18491, 18493, 18498, 18500, 18501, 1684, 18502, 1683, 1681, 1682, 18497, 18499, 18504, 18506, 18507, 1688, 18508, 1687, 1685, 1686, 18503, 18505, 18510, 18512, 18513, 1692, 18514, 1691, 1689, 1690, 18509, 18511, 18516, 18518, 18519, 1696, 18520, 1695, 1693, 1694, 18515, 18517, 18522, 18524, 18525, 1700, 18526, 1699, 1697, 1698, 18521, 18523, 18528, 18530, 18531, 1704, 18532, 1703, 1701, 1702, 18527, 18529, 18534, 18536, 18537, 1708, 18538, 1707, 1705, 1706, 18533, 18535, 18540, 18542, 18543, 1712, 18544, 1711, 1709, 1710, 18539, 18541, 18546, 18548, 18549, 1716, 18550, 1715, 1713, 1714, 18545, 18547, 18552, 18554, 18555, 1720, 18556, 1719, 1717, 1718, 18551, 18553, 18558, 18560, 18561, 1724, 18562, 1723, 1721, 1722, 18557, 18559, 18564, 18566, 18567, 1728, 18568, 1727, 1725, 1726, 18563, 18565, 18570, 18572, 18573, 1732, 18574, 1731, 1729, 1730, 18569, 18571, 18576, 18578, 18579, 1736, 18580, 1735, 1733, 1734, 18575, 18577, 18582, 18584, 18585, 1740, 18586, 1739, 1737, 1738, 18581, 18583, 18588, 18590, 18591, 1744, 18592, 1743, 1741, 1742, 18587, 18589, 18594, 18596, 18597, 1748, 18598, 1747, 1745, 1746, 18593, 18595, 18600, 18602, 18603, 1752, 18604, 1751, 1749, 1750, 18599, 18601, 18606, 18608, 18609, 1756, 18610, 1755, 1753, 1754, 18605, 18607, 18612, 18614, 18615, 1760, 18616, 1759, 1757, 1758, 18611, 18613, 18618, 18620, 18621, 1764, 18622, 1763, 1761, 1762, 18617, 18619, 18624, 18626, 18627, 1768, 18628, 1767, 1765, 1766, 18623, 18625, 18630, 18632, 18633, 1772, 18634, 1771, 1769, 1770, 18629, 18631, 18636, 18638, 18639, 1776, 18640, 1775, 1773, 1774, 18635, 18637, 18642, 18644, 18645, 1780, 18646, 1779, 1777, 1778, 18641, 18643, 18648, 18650, 18651, 1784, 18652, 1783, 1781, 1782, 18647, 18649, 18654, 18656, 18657, 1788, 18658, 1787, 1785, 1786, 18653, 18655, 18660, 18662, 18663, 1792, 18664, 1791, 1789, 1790, 18659, 18661, 18666, 18668, 18669, 1796, 18670, 1795, 1793, 1794, 18665, 18667, 18672, 18674, 18675, 1800, 18676, 1799, 1797, 1798, 18671, 18673, 18678, 18680, 18681, 1804, 18682, 1803, 1801, 1802, 18677, 18679, 18684, 18686, 18687, 1808, 18688, 1807, 1805, 1806, 18683, 18685, 18690, 18692, 18693, 1812, 18694, 1811, 1809, 1810, 18689, 18691, 18696, 18698, 18699, 1816, 18700, 1815, 1813, 1814, 18695, 18697, 18702, 18704, 18705, 1820, 18706, 1819, 1817, 1818, 18701, 18703, 18708, 18710, 18711, 1824, 18712, 1823, 1821, 1822, 18707, 18709, 18714, 18716, 18717, 1828, 18718, 1827, 1825, 1826, 18713, 18715, 18720, 18722, 18723, 1832, 18724, 1831, 1829, 1830, 18719, 18721, 18726, 18728, 18729, 1836, 18730, 1835, 1833, 1834, 18725, 18727, 18732, 18734, 18735, 1840, 18736, 1839, 1837, 1838, 18731, 18733, 18738, 18740, 18741, 1844, 18742, 1843, 1841, 1842, 18737, 18739, 18744, 18746, 18747, 1848, 18748, 1847, 1845, 1846, 18743, 18745, 18750, 18752, 18753, 1852, 18754, 1851, 1849, 1850, 18749, 18751, 18756, 18758, 18759, 1856, 18760, 1855, 1853, 1854, 18755, 18757, 18762, 18764, 18765, 1860, 18766, 1859, 1857, 1858, 18761, 18763, 18768, 18770, 18771, 1864, 18772, 1863, 1861, 1862, 18767, 18769, 18774, 18776, 18777, 1868, 18778, 1867, 1865, 1866, 18773, 18775, 18780, 18782, 18783, 1872, 18784, 1871, 1869, 1870, 18779, 18781, 18786, 18788, 18789, 1876, 18790, 1875, 1873, 1874, 18785, 18787, 18792, 18794, 18795, 1880, 18796, 1879, 1877, 1878, 18791, 18793, 18798, 18800, 18801, 1884, 18802, 1883, 1881, 1882, 18797, 18799, 18804, 18806, 18807, 1888, 18808, 1887, 1885, 1886, 18803, 18805, 18810, 18812, 18813, 1892, 18814, 1891, 1889, 1890, 18809, 18811, 18816, 18818, 18819, 1896, 18820, 1895, 1893, 1894, 18815, 18817, 18822, 18824, 18825, 1900, 18826, 1899, 1897, 1898, 18821, 18823, 18828, 18830, 18831, 1904, 18832, 1903, 1901, 1902, 18827, 18829, 18834, 18836, 18837, 1908, 18838, 1907, 1905, 1906, 18833, 18835, 18840, 18842, 18843, 1912, 18844, 1911, 1909, 1910, 18839, 18841, 18846, 18848, 18849, 1916, 18850, 1915, 1913, 1914, 18845, 18847, 18852, 18854, 18855, 1920, 18856, 1919, 1917, 1918, 18851, 18853, 18858, 18860, 18861, 1924, 18862, 1923, 1921, 1922, 18857, 18859, 18864, 18866, 18867, 1928, 18868, 1927, 1925, 1926, 18863, 18865, 18870, 18872, 18873, 1932, 18874, 1931, 1929, 1930, 18869, 18871, 18876, 18878, 18879, 1936, 18880, 1935, 1933, 1934, 18875, 18877, 18882, 18884, 18885, 1940, 18886, 1939, 1937, 1938, 18881, 18883, 18888, 18890, 18891, 1944, 18892, 1943, 1941, 1942, 18887, 18889, 18894, 18896, 18897, 1948, 18898, 1947, 1945, 1946, 18893, 18895, 18900, 18902, 18903, 1952, 18904, 1951, 1949, 1950, 18899, 18901, 18906, 18908, 18909, 1956, 18910, 1955, 1953, 1954, 18905, 18907, 18912, 18914, 18915, 1960, 18916, 1959, 1957, 1958, 18911, 18913, 18918, 18920, 18921, 1964, 18922, 1963, 1961, 1962, 18917, 18919, 18924, 18926, 18927, 1968, 18928, 1967, 1965, 1966, 18923, 18925, 18930, 18932, 18933, 1972, 18934, 1971, 1969, 1970, 18929, 18931, 18936, 18938, 18939, 1976, 18940, 1975, 1973, 1974, 18935, 18937, 18942, 18944, 18945, 1980, 18946, 1979, 1977, 1978, 18941, 18943, 18948, 18950, 18951, 1984, 18952, 1983, 1981, 1982, 18947, 18949, 18954, 18956, 18957, 1988, 18958, 1987, 1985, 1986, 18953, 18955, 18960, 18962, 18963, 1992, 18964, 1991, 1989, 1990, 18959, 18961, 18966, 18968, 18969, 1996, 18970, 1995, 1993, 1994, 18965, 18967, 18972, 18974, 18975, 2000, 18976, 1999, 1997, 1998, 18971, 18973, 18978, 18980, 18981, 2004, 18982, 2003, 2001, 2002, 18977, 18979, 18984, 18986, 18987, 2008, 18988, 2007, 2005, 2006, 18983, 18985, 18990, 18992, 18993, 2012, 18994, 2011, 2009, 2010, 18989, 18991, 18996, 18998, 18999, 2016, 19000, 2015, 2013, 2014, 18995, 18997, 19002, 19004, 19005, 2020, 19006, 2019, 2017, 2018, 19001, 19003, 19008, 19010, 19011, 2024, 19012, 2023, 2021, 2022, 19007, 19009, 19014, 19016, 19017, 2028, 19018, 2027, 2025, 2026, 19013, 19015, 19020, 19022, 19023, 2032, 19024, 2031, 2029, 2030, 19019, 19021, 19026, 19028, 19029, 2036, 19030, 2035, 2033, 2034, 19025, 19027, 19032, 19034, 19035, 2040, 19036, 2039, 2037, 2038, 19031, 19033, 19038, 19040, 19041, 2044, 19042, 2043, 2041, 2042, 19037, 19039, 19044, 19046, 19047, 2048, 19048, 2047, 2045, 2046, 19043, 19045, 19050, 19052, 19053, 2052, 19054, 2051, 2049, 2050, 19049, 19051, 19056, 19058, 19059, 2056, 19060, 2055, 2053, 2054, 19055, 19057, 19062, 19064, 19065, 2060, 19066, 2059, 2057, 2058, 19061, 19063, 19068, 19070, 19071, 2064, 19072, 2063, 2061, 2062, 19067, 19069, 19074, 19076, 19077, 2068, 19078, 2067, 2065, 2066, 19073, 19075, 19080, 19082, 19083, 2072, 19084, 2071, 2069, 2070, 19079, 19081, 19086, 19088, 19089, 2076, 19090, 2075, 2073, 2074, 19085, 19087, 19092, 19094, 19095, 2080, 19096, 2079, 2077, 2078, 19091, 19093, 19098, 19100, 19101, 2084, 19102, 2083, 2081, 2082, 19097, 19099, 19104, 19106, 19107, 2088, 19108, 2087, 2085, 2086, 19103, 19105, 19110, 19112, 19113, 2092, 19114, 2091, 2089, 2090, 19109, 19111, 19116, 19118, 19119, 2096, 19120, 2095, 2093, 2094, 19115, 19117, 19122, 19124, 19125, 2100, 19126, 2099, 2097, 2098, 19121, 19123, 19128, 19130, 19131, 2104, 19132, 2103, 2101, 2102, 19127, 19129, 19134, 19136, 19137, 2108, 19138, 2107, 2105, 2106, 19133, 19135, 19140, 19142, 19143, 2112, 19144, 2111, 2109, 2110, 19139, 19141, 19146, 19148, 19149, 2116, 19150, 2115, 2113, 2114, 19145, 19147, 19152, 19154, 19155, 2120, 19156, 2119, 2117, 2118, 19151, 19153, 19158, 19160, 19161, 2124, 19162, 2123, 2121, 2122, 19157, 19159, 19164, 19166, 19167, 2128, 19168, 2127, 2125, 2126, 19163, 19165, 19170, 19172, 19173, 2132, 19174, 2131, 2129, 2130, 19169, 19171, 19176, 19178, 19179, 2136, 19180, 2135, 2133, 2134, 19175, 19177, 19182, 19184, 19185, 2140, 19186, 2139, 2137, 2138, 19181, 19183, 19188, 19190, 19191, 2144, 19192, 2143, 2141, 2142, 19187, 19189, 19194, 19196, 19197, 2148, 19198, 2147, 2145, 2146, 19193, 19195, 19200, 19202, 19203, 2152, 19204, 2151, 2149, 2150, 19199, 19201, 19206, 19208, 19209, 2156, 19210, 2155, 2153, 2154, 19205, 19207, 19212, 19214, 19215, 2160, 19216, 2159, 2157, 2158, 19211, 19213, 19218, 19220, 19221, 2164, 19222, 2163, 2161, 2162, 19217, 19219, 19224, 19226, 19227, 2168, 19228, 2167, 2165, 2166, 19223, 19225, 19230, 19232, 19233, 2172, 19234, 2171, 2169, 2170, 19229, 19231, 19236, 19238, 19239, 2176, 19240, 2175, 2173, 2174, 19235, 19237, 19242, 19244, 19245, 2180, 19246, 2179, 2177, 2178, 19241, 19243, 19248, 19250, 19251, 2184, 19252, 2183, 2181, 2182, 19247, 19249, 19254, 19256, 19257, 2188, 19258, 2187, 2185, 2186, 19253, 19255, 19260, 19262, 19263, 2192, 19264, 2191, 2189, 2190, 19259, 19261, 19266, 19268, 19269, 2196, 19270, 2195, 2193, 2194, 19265, 19267, 19272, 19274, 19275, 2200, 19276, 2199, 2197, 2198, 19271, 19273, 19278, 19280, 19281, 2204, 19282, 2203, 2201, 2202, 19277, 19279, 19284, 19286, 19287, 2208, 19288, 2207, 2205, 2206, 19283, 19285, 19290, 19292, 19293, 2212, 19294, 2211, 2209, 2210, 19289, 19291, 19296, 19298, 19299, 2216, 19300, 2215, 2213, 2214, 19295, 19297, 19302, 19304, 19305, 2220, 19306, 2219, 2217, 2218, 19301, 19303, 19308, 19310, 19311, 2224, 19312, 2223, 2221, 2222, 19307, 19309, 19314, 19316, 19317, 2228, 19318, 2227, 2225, 2226, 19313, 19315, 19320, 19322, 19323, 2232, 19324, 2231, 2229, 2230, 19319, 19321, 19326, 19328, 19329, 2236, 19330, 2235, 2233, 2234, 19325, 19327, 19332, 19334, 19335, 2240, 19336, 2239, 2237, 2238, 19331, 19333, 19338, 19340, 19341, 2244, 19342, 2243, 2241, 2242, 19337, 19339, 19344, 19346, 19347, 2248, 19348, 2247, 2245, 2246, 19343, 19345, 19350, 19352, 19353, 2252, 19354, 2251, 2249, 2250, 19349, 19351, 19356, 19358, 19359, 2256, 19360, 2255, 2253, 2254, 19355, 19357, 19362, 19364, 19365, 2260, 19366, 2259, 2257, 2258, 19361, 19363, 19368, 19370, 19371, 2264, 19372, 2263, 2261, 2262, 19367, 19369, 19374, 19376, 19377, 2268, 19378, 2267, 2265, 2266, 19373, 19375, 19380, 19382, 19383, 2272, 19384, 2271, 2269, 2270, 19379, 19381, 19386, 19388, 19389, 2276, 19390, 2275, 2273, 2274, 19385, 19387, 19392, 19394, 19395, 2280, 19396, 2279, 2277, 2278, 19391, 19393, 19398, 19400, 19401, 2284, 19402, 2283, 2281, 2282, 19397, 19399, 19404, 19406, 19407, 2288, 19408, 2287, 2285, 2286, 19403, 19405, 19410, 19412, 19413, 2292, 19414, 2291, 2289, 2290, 19409, 19411, 19416, 19418, 19419, 2296, 19420, 2295, 2293, 2294, 19415, 19417, 19422, 19424, 19425, 2300, 19426, 2299, 2297, 2298, 19421, 19423, 19428, 19430, 19431, 2304, 19432, 2303, 2301, 2302, 19427, 19429, 19434, 19436, 19437, 2308, 19438, 2307, 2305, 2306, 19433, 19435, 19440, 19442, 19443, 2312, 19444, 2311, 2309, 2310, 19439, 19441, 19446, 19448, 19449, 2316, 19450, 2315, 2313, 2314, 19445, 19447, 19452, 19454, 19455, 2320, 19456, 2319, 2317, 2318, 19451, 19453, 19458, 19460, 19461, 2324, 19462, 2323, 2321, 2322, 19457, 19459, 19464, 19466, 19467, 2328, 19468, 2327, 2325, 2326, 19463, 19465, 19470, 19472, 19473, 2332, 19474, 2331, 2329, 2330, 19469, 19471, 19476, 19478, 19479, 2336, 19480, 2335, 2333, 2334, 19475, 19477, 19482, 19484, 19485, 2340, 19486, 2339, 2337, 2338, 19481, 19483, 19488, 19490, 19491, 2344, 19492, 2343, 2341, 2342, 19487, 19489, 19494, 19496, 19497, 2348, 19498, 2347, 2345, 2346, 19493, 19495, 19500, 19502, 19503, 2352, 19504, 2351, 2349, 2350, 19499, 19501, 19506, 19508, 19509, 2356, 19510, 2355, 2353, 2354, 19505, 19507, 19512, 19514, 19515, 2360, 19516, 2359, 2357, 2358, 19511, 19513, 19518, 19520, 19521, 2364, 19522, 2363, 2361, 2362, 19517, 19519, 19524, 19526, 19527, 2368, 19528, 2367, 2365, 2366, 19523, 19525, 19530, 19532, 19533, 2372, 19534, 2371, 2369, 2370, 19529, 19531, 19536, 19538, 19539, 2376, 19540, 2375, 2373, 2374, 19535, 19537, 19606, 19608, 19609, 13161, 19610, 13160, 13158, 13159, 19605, 19607, 13662, 13663, 13660, 13656, 13653, 13659, 13673, 13669, 13672, 13671, 13657, 13667, 13668, 13666, 13658, 13674, 13670, 13655, 13652, 13665, 13661, 13654, 13664, 13685, 13686, 13683, 13679, 13676, 13682, 13696, 13692, 13695, 13694, 13680, 13690, 13691, 13689, 13681, 13697, 13693, 13678, 13675, 13688, 13684, 13677, 13687, 13708, 13709, 13706, 13702, 13699, 13705, 13719, 13715, 13718, 13717, 13703, 13713, 13714, 13712, 13704, 13720, 13716, 13701, 13698, 13711, 13707, 13700, 13710, 13807, 13808, 13805, 13801, 13818, 13804, 13813, 13802, 13811, 13812, 13814, 13816, 13803, 13815, 13819, 13817, 13809, 13806, 13810, 13820, 13827, 13828, 13825, 13821, 13838, 13824, 13833, 13822, 13831, 13832, 13834, 13836, 13823, 13835, 13839, 13837, 13829, 13826, 13830, 13840, 13847, 13848, 13845, 13841, 13858, 13844, 13853, 13842, 13851, 13852, 13854, 13856, 13843, 13855, 13859, 13857, 13849, 13846, 13850, 13860, 13867, 13868, 13865, 13861, 13878, 13864, 13873, 13862, 13871, 13872, 13874, 13876, 13863, 13875, 13879, 13877, 13869, 13866, 13870, 13880, 13887, 13888, 13885, 13881, 13898, 13884, 13893, 13882, 13891, 13892, 13894, 13896, 13883, 13895, 13899, 13897, 13889, 13886, 13890, 13900, 13907, 13908, 13905, 13901, 13918, 13904, 13913, 13902, 13911, 13912, 13914, 13916, 13903, 13915, 13919, 13917, 13909, 13906, 13910, 13920, 13927, 13928, 13925, 13921, 13938, 13924, 13933, 13922, 13931, 13932, 13934, 13936, 13923, 13935, 13939, 13937, 13929, 13926, 13930, 13940, 13947, 13948, 13945, 13941, 13958, 13944, 13953, 13942, 13951, 13952, 13954, 13956, 13943, 13955, 13959, 13957, 13949, 13946, 13950, 13960, 13967, 13968, 13965, 13961, 13978, 13964, 13973, 13962, 13971, 13972, 13974, 13976, 13963, 13975, 13979, 13977, 13969, 13966, 13970, 13980, 13987, 13988, 13985, 13981, 13998, 13984, 13993, 13982, 13991, 13992, 13994, 13996, 13983, 13995, 13999, 13997, 13989, 13986, 13990, 14000, 14007, 14008, 14005, 14001, 14018, 14004, 14013, 14002, 14011, 14012, 14014, 14016, 14003, 14015, 14019, 14017, 14009, 14006, 14010, 14020, 14027, 14028, 14025, 14021, 14038, 14024, 14033, 14022, 14031, 14032, 14034, 14036, 14023, 14035, 14039, 14037, 14029, 14026, 14030, 14040, 14047, 14048, 14045, 14041, 14058, 14044, 14053, 14042, 14051, 14052, 14054, 14056, 14043, 14055, 14059, 14057, 14049, 14046, 14050, 14060, 14067, 14068, 14065, 14061, 14078, 14064, 14073, 14062, 14071, 14072, 14074, 14076, 14063, 14075, 14079, 14077, 14069, 14066, 14070, 14080, 14087, 14088, 14085, 14081, 14098, 14084, 14093, 14082, 14091, 14092, 14094, 14096, 14083, 14095, 14099, 14097, 14089, 14086, 14090, 14100, 14107, 14108, 14105, 14101, 14118, 14104, 14113, 14102, 14111, 14112, 14114, 14116, 14103, 14115, 14119, 14117, 14109, 14106, 14110, 14120, 14127, 14128, 14125, 14121, 14138, 14124, 14133, 14122, 14131, 14132, 14134, 14136, 14123, 14135, 14139, 14137, 14129, 14126, 14130, 14140, 14147, 14148, 14145, 14141, 14158, 14144, 14153, 14142, 14151, 14152, 14154, 14156, 14143, 14155, 14159, 14157, 14149, 14146, 14150, 14160, 14167, 14168, 14165, 14161, 14178, 14164, 14173, 14162, 14171, 14172, 14174, 14176, 14163, 14175, 14179, 14177, 14169, 14166, 14170, 14180, 14187, 14188, 14185, 14181, 14198, 14184, 14193, 14182, 14191, 14192, 14194, 14196, 14183, 14195, 14199, 14197, 14189, 14186, 14190, 14200, 14207, 14208, 14205, 14201, 14218, 14204, 14213, 14202, 14211, 14212, 14214, 14216, 14203, 14215, 14219, 14217, 14209, 14206, 14210, 14220, 14251, 14252, 14249, 14245, 14242, 14248, 14262, 14258, 14261, 14260, 14246, 14256, 14257, 14255, 14247, 14263, 14259, 14244, 14241, 14254, 14250, 14243, 14253, 14274, 14275, 14272, 14268, 14265, 14271, 14285, 14281, 14284, 14283, 14269, 14279, 14280, 14278, 14270, 14286, 14282, 14267, 14264, 14277, 14273, 14266, 14276, 14297, 14298, 14295, 14291, 14288, 14294, 14308, 14304, 14307, 14306, 14292, 14302, 14303, 14301, 14293, 14309, 14305, 14290, 14287, 14300, 14296, 14289, 14299, 14320, 14321, 14318, 14314, 14311, 14317, 14331, 14327, 14330, 14329, 14315, 14325, 14326, 14324, 14316, 14332, 14328, 14313, 14310, 14323, 14319, 14312, 14322, 14343, 14344, 14341, 14337, 14334, 14340, 14354, 14350, 14353, 14352, 14338, 14348, 14349, 14347, 14339, 14355, 14351, 14336, 14333, 14346, 14342, 14335, 14345, 14389, 14390, 14387, 14383, 14380, 14386, 14400, 14396, 14399, 14398, 14384, 14394, 14395, 14393, 14385, 14401, 14397, 14382, 14379, 14392, 14388, 14381, 14391, 14412, 14413, 14410, 14406, 14403, 14409, 14423, 14419, 14422, 14421, 14407, 14417, 14418, 14416, 14408, 14424, 14420, 14405, 14402, 14415, 14411, 14404, 14414, 14435, 14436, 14433, 14429, 14426, 14432, 14446, 14442, 14445, 14444, 14430, 14440, 14441, 14439, 14431, 14447, 14443, 14428, 14425, 14438, 14434, 14427, 14437, 14458, 14459, 14456, 14452, 14449, 14455, 14469, 14465, 14468, 14467, 14453, 14463, 14464, 14462, 14454, 14470, 14466, 14451, 14448, 14461, 14457, 14450, 14460, 14481, 14482, 14479, 14475, 14472, 14478, 14492, 14488, 14491, 14490, 14476, 14486, 14487, 14485, 14477, 14493, 14489, 14474, 14471, 14484, 14480, 14473, 14483, 14504, 14505, 14502, 14498, 14495, 14501, 14515, 14511, 14514, 14513, 14499, 14509, 14510, 14508, 14500, 14516, 14512, 14497, 14494, 14507, 14503, 14496, 14506, 14527, 14528, 14525, 14521, 14518, 14524, 14538, 14534, 14537, 14536, 14522, 14532, 14533, 14531, 14523, 14539, 14535, 14520, 14517, 14530, 14526, 14519, 14529, 14546, 14547, 14544, 14540, 14557, 14543, 14552, 14541, 14550, 14551, 14553, 14555, 14542, 14554, 14558, 14556, 14548, 14545, 14549, 14559, 14566, 14567, 14564, 14560, 14577, 14563, 14572, 14561, 14570, 14571, 14573, 14575, 14562, 14574, 14578, 14576, 14568, 14565, 14569, 14579, 14586, 14587, 14584, 14580, 14597, 14583, 14592, 14581, 14590, 14591, 14593, 14595, 14582, 14594, 14598, 14596, 14588, 14585, 14589, 14599, 14606, 14607, 14604, 14600, 14617, 14603, 14612, 14601, 14610, 14611, 14613, 14615, 14602, 14614, 14618, 14616, 14608, 14605, 14609, 14619, 14626, 14627, 14624, 14620, 14637, 14623, 14632, 14621, 14630, 14631, 14633, 14635, 14622, 14634, 14638, 14636, 14628, 14625, 14629, 14639, 14646, 14647, 14644, 14640, 14657, 14643, 14652, 14641, 14650, 14651, 14653, 14655, 14642, 14654, 14658, 14656, 14648, 14645, 14649, 14659, 14666, 14667, 14664, 14660, 14677, 14663, 14672, 14661, 14670, 14671, 14673, 14675, 14662, 14674, 14678, 14676, 14668, 14665, 14669, 14679, 14686, 14687, 14684, 14680, 14697, 14683, 14692, 14681, 14690, 14691, 14693, 14695, 14682, 14694, 14698, 14696, 14688, 14685, 14689, 14699, 14706, 14707, 14704, 14700, 14717, 14703, 14712, 14701, 14710, 14711, 14713, 14715, 14702, 14714, 14718, 14716, 14708, 14705, 14709, 14719, 14748, 14749, 14746, 14742, 14759, 14745, 14754, 14743, 14752, 14753, 14755, 14757, 14744, 14756, 14760, 14758, 14750, 14747, 14751, 14761, 14768, 14769, 14766, 14762, 14779, 14765, 14774, 14763, 14772, 14773, 14775, 14777, 14764, 14776, 14780, 14778, 14770, 14767, 14771, 14781, 14788, 14789, 14786, 14782, 14799, 14785, 14794, 14783, 14792, 14793, 14795, 14797, 14784, 14796, 14800, 14798, 14790, 14787, 14791, 14801, 14808, 14809, 14806, 14802, 14819, 14805, 14814, 14803, 14812, 14813, 14815, 14817, 14804, 14816, 14820, 14818, 14810, 14807, 14811, 14821, 14828, 14829, 14826, 14822, 14839, 14825, 14834, 14823, 14832, 14833, 14835, 14837, 14824, 14836, 14840, 14838, 14830, 14827, 14831, 14841, 14929, 14930, 14927, 14923, 14920, 14926, 14940, 14936, 14939, 14938, 14924, 14934, 14935, 14933, 14925, 14941, 14937, 14922, 14919, 14932, 14928, 14921, 14931, 14952, 14953, 14950, 14946, 14943, 14949, 14963, 14959, 14962, 14961, 14947, 14957, 14958, 14956, 14948, 14964, 14960, 14945, 14942, 14955, 14951, 14944, 14954, 14975, 14976, 14973, 14969, 14966, 14972, 14986, 14982, 14985, 14984, 14970, 14980, 14981, 14979, 14971, 14987, 14983, 14968, 14965, 14978, 14974, 14967, 14977, 14998, 14999, 14996, 14992, 14989, 14995, 15009, 15005, 15008, 15007, 14993, 15003, 15004, 15002, 14994, 15010, 15006, 14991, 14988, 15001, 14997, 14990, 15000, 15021, 15022, 15019, 15015, 15012, 15018, 15032, 15028, 15031, 15030, 15016, 15026, 15027, 15025, 15017, 15033, 15029, 15014, 15011, 15024, 15020, 15013, 15023, 15044, 15045, 15042, 15038, 15035, 15041, 15055, 15051, 15054, 15053, 15039, 15049, 15050, 15048, 15040, 15056, 15052, 15037, 15034, 15047, 15043, 15036, 15046, 15067, 15068, 15065, 15061, 15058, 15064, 15078, 15074, 15077, 15076, 15062, 15072, 15073, 15071, 15063, 15079, 15075, 15060, 15057, 15070, 15066, 15059, 15069, 15090, 15091, 15088, 15084, 15081, 15087, 15101, 15097, 15100, 15099, 15085, 15095, 15096, 15094, 15086, 15102, 15098, 15083, 15080, 15093, 15089, 15082, 15092, 15113, 15114, 15111, 15107, 15104, 15110, 15124, 15120, 15123, 15122, 15108, 15118, 15119, 15117, 15109, 15125, 15121, 15106, 15103, 15116, 15112, 15105, 15115, 15136, 15137, 15134, 15130, 15127, 15133, 15147, 15143, 15146, 15145, 15131, 15141, 15142, 15140, 15132, 15148, 15144, 15129, 15126, 15139, 15135, 15128, 15138, 15159, 15160, 15157, 15153, 15150, 15156, 15170, 15166, 15169, 15168, 15154, 15164, 15165, 15163, 15155, 15171, 15167, 15152, 15149, 15162, 15158, 15151, 15161, 15828, 15831, 15832, 15830, 15833, 15826, 15824, 15825, 15827, 15829, 20105, 20106, 20103, 20098, 20093, 20102, 20113, 20109, 20112, 20111, 20100, 20099, 20108, 20096, 20101, 20114, 20110, 20095, 20092, 20097, 20104, 20094, 20107, 20128, 20129, 20126, 20121, 20116, 20125, 20136, 20132, 20135, 20134, 20123, 20122, 20131, 20119, 20124, 20137, 20133, 20118, 20115, 20120, 20127, 20117, 20130, 20151, 20152, 20149, 20144, 20139, 20148, 20159, 20155, 20158, 20157, 20146, 20145, 20154, 20142, 20147, 20160, 20156, 20141, 20138, 20143, 20150, 20140, 20153, 20174, 20175, 20172, 20167, 20162, 20171, 20182, 20178, 20181, 20180, 20169, 20168, 20177, 20165, 20170, 20183, 20179, 20164, 20161, 20166, 20173, 20163, 20176, 20197, 20198, 20195, 20190, 20185, 20194, 20205, 20201, 20204, 20203, 20192, 20191, 20200, 20188, 20193, 20206, 20202, 20187, 20184, 20189, 20196, 20186, 20199, 20220, 20221, 20218, 20213, 20208, 20217, 20228, 20224, 20227, 20226, 20215, 20214, 20223, 20211, 20216, 20229, 20225, 20210, 20207, 20212, 20219, 20209, 20222, 20243, 20244, 20241, 20236, 20231, 20240, 20251, 20247, 20250, 20249, 20238, 20237, 20246, 20234, 20239, 20252, 20248, 20233, 20230, 20235, 20242, 20232, 20245, 20266, 20267, 20264, 20259, 20254, 20263, 20274, 20270, 20273, 20272, 20261, 20260, 20269, 20257, 20262, 20275, 20271, 20256, 20253, 20258, 20265, 20255, 20268, 20289, 20290, 20287, 20282, 20277, 20286, 20297, 20293, 20296, 20295, 20284, 20283, 20292, 20280, 20285, 20298, 20294, 20279, 20276, 20281, 20288, 20278, 20291, 20312, 20313, 20310, 20305, 20300, 20309, 20320, 20316, 20319, 20318, 20307, 20306, 20315, 20303, 20308, 20321, 20317, 20302, 20299, 20304, 20311, 20301, 20314, 20335, 20336, 20333, 20328, 20323, 20332, 20343, 20339, 20342, 20341, 20330, 20329, 20338, 20326, 20331, 20344, 20340, 20325, 20322, 20327, 20334, 20324, 20337, 20358, 20359, 20356, 20351, 20346, 20355, 20366, 20362, 20365, 20364, 20353, 20352, 20361, 20349, 20354, 20367, 20363, 20348, 20345, 20350, 20357, 20347, 20360, 20381, 20382, 20379, 20374, 20369, 20378, 20389, 20385, 20388, 20387, 20376, 20375, 20384, 20372, 20377, 20390, 20386, 20371, 20368, 20373, 20380, 20370, 20383, 20404, 20405, 20402, 20397, 20392, 20401, 20412, 20408, 20411, 20410, 20399, 20398, 20407, 20395, 20400, 20413, 20409, 20394, 20391, 20396, 20403, 20393, 20406, 20427, 20428, 20425, 20420, 20415, 20424, 20435, 20431, 20434, 20433, 20422, 20421, 20430, 20418, 20423, 20436, 20432, 20417, 20414, 20419, 20426, 20416, 20429, 20450, 20451, 20448, 20443, 20438, 20447, 20458, 20454, 20457, 20456, 20445, 20444, 20453, 20441, 20446, 20459, 20455, 20440, 20437, 20442, 20449, 20439, 20452, 20473, 20474, 20471, 20466, 20461, 20470, 20481, 20477, 20480, 20479, 20468, 20467, 20476, 20464, 20469, 20482, 20478, 20463, 20460, 20465, 20472, 20462, 20475, 20496, 20497, 20494, 20489, 20484, 20493, 20504, 20500, 20503, 20502, 20491, 20490, 20499, 20487, 20492, 20505, 20501, 20486, 20483, 20488, 20495, 20485, 20498, 20519, 20520, 20517, 20512, 20507, 20516, 20527, 20523, 20526, 20525, 20514, 20513, 20522, 20510, 20515, 20528, 20524, 20509, 20506, 20511, 20518, 20508, 20521, 20542, 20543, 20540, 20535, 20530, 20539, 20550, 20546, 20549, 20548, 20537, 20536, 20545, 20533, 20538, 20551, 20547, 20532, 20529, 20534, 20541, 20531, 20544, 20565, 20566, 20563, 20558, 20553, 20562, 20573, 20569, 20572, 20571, 20560, 20559, 20568, 20556, 20561, 20574, 20570, 20555, 20552, 20557, 20564, 20554, 20567, 20588, 20589, 20586, 20581, 20576, 20585, 20596, 20592, 20595, 20594, 20583, 20582, 20591, 20579, 20584, 20597, 20593, 20578, 20575, 20580, 20587, 20577, 20590, 20611, 20612, 20609, 20604, 20599, 20608, 20619, 20615, 20618, 20617, 20606, 20605, 20614, 20602, 20607, 20620, 20616, 20601, 20598, 20603, 20610, 20600, 20613, 20634, 20635, 20632, 20627, 20622, 20631, 20642, 20638, 20641, 20640, 20629, 20628, 20637, 20625, 20630, 20643, 20639, 20624, 20621, 20626, 20633, 20623, 20636, 20657, 20658, 20655, 20650, 20645, 20654, 20665, 20661, 20664, 20663, 20652, 20651, 20660, 20648, 20653, 20666, 20662, 20647, 20644, 20649, 20656, 20646, 20659, 20680, 20681, 20678, 20673, 20668, 20677, 20688, 20684, 20687, 20686, 20675, 20674, 20683, 20671, 20676, 20689, 20685, 20670, 20667, 20672, 20679, 20669, 20682, 20703, 20704, 20701, 20696, 20691, 20700, 20711, 20707, 20710, 20709, 20698, 20697, 20706, 20694, 20699, 20712, 20708, 20693, 20690, 20695, 20702, 20692, 20705, 20726, 20727, 20724, 20719, 20714, 20723, 20734, 20730, 20733, 20732, 20721, 20720, 20729, 20717, 20722, 20735, 20731, 20716, 20713, 20718, 20725, 20715, 20728, 20749, 20750, 20747, 20742, 20737, 20746, 20757, 20753, 20756, 20755, 20744, 20743, 20752, 20740, 20745, 20758, 20754, 20739, 20736, 20741, 20748, 20738, 20751, 20772, 20773, 20770, 20765, 20760, 20769, 20780, 20776, 20779, 20778, 20767, 20766, 20775, 20763, 20768, 20781, 20777, 20762, 20759, 20764, 20771, 20761, 20774, 20795, 20796, 20793, 20788, 20783, 20792, 20803, 20799, 20802, 20801, 20790, 20789, 20798, 20786, 20791, 20804, 20800, 20785, 20782, 20787, 20794, 20784, 20797, 20818, 20819, 20816, 20811, 20806, 20815, 20826, 20822, 20825, 20824, 20813, 20812, 20821, 20809, 20814, 20827, 20823, 20808, 20805, 20810, 20817, 20807, 20820, 20841, 20842, 20839, 20834, 20829, 20838, 20849, 20845, 20848, 20847, 20836, 20835, 20844, 20832, 20837, 20850, 20846, 20831, 20828, 20833, 20840, 20830, 20843, 20864, 20865, 20862, 20857, 20852, 20861, 20872, 20868, 20871, 20870, 20859, 20858, 20867, 20855, 20860, 20873, 20869, 20854, 20851, 20856, 20863, 20853, 20866, 20887, 20888, 20885, 20880, 20875, 20884, 20895, 20891, 20894, 20893, 20882, 20881, 20890, 20878, 20883, 20896, 20892, 20877, 20874, 20879, 20886, 20876, 20889, 20910, 20911, 20908, 20903, 20898, 20907, 20918, 20914, 20917, 20916, 20905, 20904, 20913, 20901, 20906, 20919, 20915, 20900, 20897, 20902, 20909, 20899, 20912, 20933, 20934, 20931, 20926, 20921, 20930, 20941, 20937, 20940, 20939, 20928, 20927, 20936, 20924, 20929, 20942, 20938, 20923, 20920, 20925, 20932, 20922, 20935, 20956, 20957, 20954, 20949, 20944, 20953, 20964, 20960, 20963, 20962, 20951, 20950, 20959, 20947, 20952, 20965, 20961, 20946, 20943, 20948, 20955, 20945, 20958, 20979, 20980, 20977, 20972, 20967, 20976, 20987, 20983, 20986, 20985, 20974, 20973, 20982, 20970, 20975, 20988, 20984, 20969, 20966, 20971, 20978, 20968, 20981, 21002, 21003, 21000, 20995, 20990, 20999, 21010, 21006, 21009, 21008, 20997, 20996, 21005, 20993, 20998, 21011, 21007, 20992, 20989, 20994, 21001, 20991, 21004, 21025, 21026, 21023, 21018, 21013, 21022, 21033, 21029, 21032, 21031, 21020, 21019, 21028, 21016, 21021, 21034, 21030, 21015, 21012, 21017, 21024, 21014, 21027, 21048, 21049, 21046, 21041, 21036, 21045, 21056, 21052, 21055, 21054, 21043, 21042, 21051, 21039, 21044, 21057, 21053, 21038, 21035, 21040, 21047, 21037, 21050, 21071, 21072, 21069, 21064, 21059, 21068, 21079, 21075, 21078, 21077, 21066, 21065, 21074, 21062, 21067, 21080, 21076, 21061, 21058, 21063, 21070, 21060, 21073, 21094, 21095, 21092, 21087, 21082, 21091, 21102, 21098, 21101, 21100, 21089, 21088, 21097, 21085, 21090, 21103, 21099, 21084, 21081, 21086, 21093, 21083, 21096, 21117, 21118, 21115, 21110, 21105, 21114, 21125, 21121, 21124, 21123, 21112, 21111, 21120, 21108, 21113, 21126, 21122, 21107, 21104, 21109, 21116, 21106, 21119, 21140, 21141, 21138, 21133, 21128, 21137, 21148, 21144, 21147, 21146, 21135, 21134, 21143, 21131, 21136, 21149, 21145, 21130, 21127, 21132, 21139, 21129, 21142, 21163, 21164, 21161, 21156, 21151, 21160, 21171, 21167, 21170, 21169, 21158, 21157, 21166, 21154, 21159, 21172, 21168, 21153, 21150, 21155, 21162, 21152, 21165, 21186, 21187, 21184, 21179, 21174, 21183, 21194, 21190, 21193, 21192, 21181, 21180, 21189, 21177, 21182, 21195, 21191, 21176, 21173, 21178, 21185, 21175, 21188, 21209, 21210, 21207, 21202, 21197, 21206, 21217, 21213, 21216, 21215, 21204, 21203, 21212, 21200, 21205, 21218, 21214, 21199, 21196, 21201, 21208, 21198, 21211, 21232, 21233, 21230, 21225, 21220, 21229, 21240, 21236, 21239, 21238, 21227, 21226, 21235, 21223, 21228, 21241, 21237, 21222, 21219, 21224, 21231, 21221, 21234, 21255, 21256, 21253, 21248, 21243, 21252, 21263, 21259, 21262, 21261, 21250, 21249, 21258, 21246, 21251, 21264, 21260, 21245, 21242, 21247, 21254, 21244, 21257, 21278, 21279, 21276, 21271, 21266, 21275, 21286, 21282, 21285, 21284, 21273, 21272, 21281, 21269, 21274, 21287, 21283, 21268, 21265, 21270, 21277, 21267, 21280, 21301, 21302, 21299, 21294, 21289, 21298, 21309, 21305, 21308, 21307, 21296, 21295, 21304, 21292, 21297, 21310, 21306, 21291, 21288, 21293, 21300, 21290, 21303, 21324, 21325, 21322, 21317, 21312, 21321, 21332, 21328, 21331, 21330, 21319, 21318, 21327, 21315, 21320, 21333, 21329, 21314, 21311, 21316, 21323, 21313, 21326, 21347, 21348, 21345, 21340, 21335, 21344, 21355, 21351, 21354, 21353, 21342, 21341, 21350, 21338, 21343, 21356, 21352, 21337, 21334, 21339, 21346, 21336, 21349, 21370, 21371, 21368, 21363, 21358, 21367, 21378, 21374, 21377, 21376, 21365, 21364, 21373, 21361, 21366, 21379, 21375, 21360, 21357, 21362, 21369, 21359, 21372, 21393, 21394, 21391, 21386, 21381, 21390, 21401, 21397, 21400, 21399, 21388, 21387, 21396, 21384, 21389, 21402, 21398, 21383, 21380, 21385, 21392, 21382, 21395, 21416, 21417, 21414, 21409, 21404, 21413, 21424, 21420, 21423, 21422, 21411, 21410, 21419, 21407, 21412, 21425, 21421, 21406, 21403, 21408, 21415, 21405, 21418, 21439, 21440, 21437, 21432, 21427, 21436, 21447, 21443, 21446, 21445, 21434, 21433, 21442, 21430, 21435, 21448, 21444, 21429, 21426, 21431, 21438, 21428, 21441, 21462, 21463, 21460, 21455, 21450, 21459, 21470, 21466, 21469, 21468, 21457, 21456, 21465, 21453, 21458, 21471, 21467, 21452, 21449, 21454, 21461, 21451, 21464, 21485, 21486, 21483, 21478, 21473, 21482, 21493, 21489, 21492, 21491, 21480, 21479, 21488, 21476, 21481, 21494, 21490, 21475, 21472, 21477, 21484, 21474, 21487, 21508, 21509, 21506, 21501, 21496, 21505, 21516, 21512, 21515, 21514, 21503, 21502, 21511, 21499, 21504, 21517, 21513, 21498, 21495, 21500, 21507, 21497, 21510, 21531, 21532, 21529, 21524, 21519, 21528, 21539, 21535, 21538, 21537, 21526, 21525, 21534, 21522, 21527, 21540, 21536, 21521, 21518, 21523, 21530, 21520, 21533, 21554, 21555, 21552, 21547, 21542, 21551, 21562, 21558, 21561, 21560, 21549, 21548, 21557, 21545, 21550, 21563, 21559, 21544, 21541, 21546, 21553, 21543, 21556, 21577, 21578, 21575, 21570, 21565, 21574, 21585, 21581, 21584, 21583, 21572, 21571, 21580, 21568, 21573, 21586, 21582, 21567, 21564, 21569, 21576, 21566, 21579, 21600, 21601, 21598, 21593, 21588, 21597, 21608, 21604, 21607, 21606, 21595, 21594, 21603, 21591, 21596, 21609, 21605, 21590, 21587, 21592, 21599, 21589, 21602, 21623, 21624, 21621, 21616, 21611, 21620, 21631, 21627, 21630, 21629, 21618, 21617, 21626, 21614, 21619, 21632, 21628, 21613, 21610, 21615, 21622, 21612, 21625, 21646, 21647, 21644, 21639, 21634, 21643, 21654, 21650, 21653, 21652, 21641, 21640, 21649, 21637, 21642, 21655, 21651, 21636, 21633, 21638, 21645, 21635, 21648, 21669, 21670, 21667, 21662, 21657, 21666, 21677, 21673, 21676, 21675, 21664, 21663, 21672, 21660, 21665, 21678, 21674, 21659, 21656, 21661, 21668, 21658, 21671, 21692, 21693, 21690, 21685, 21680, 21689, 21700, 21696, 21699, 21698, 21687, 21686, 21695, 21683, 21688, 21701, 21697, 21682, 21679, 21684, 21691, 21681, 21694, 21715, 21716, 21713, 21708, 21703, 21712, 21723, 21719, 21722, 21721, 21710, 21709, 21718, 21706, 21711, 21724, 21720, 21705, 21702, 21707, 21714, 21704, 21717, 21738, 21739, 21736, 21731, 21726, 21735, 21746, 21742, 21745, 21744, 21733, 21732, 21741, 21729, 21734, 21747, 21743, 21728, 21725, 21730, 21737, 21727, 21740, 21761, 21762, 21759, 21754, 21749, 21758, 21769, 21765, 21768, 21767, 21756, 21755, 21764, 21752, 21757, 21770, 21766, 21751, 21748, 21753, 21760, 21750, 21763, 21784, 21785, 21782, 21777, 21772, 21781, 21792, 21788, 21791, 21790, 21779, 21778, 21787, 21775, 21780, 21793, 21789, 21774, 21771, 21776, 21783, 21773, 21786, 21807, 21808, 21805, 21800, 21795, 21804, 21815, 21811, 21814, 21813, 21802, 21801, 21810, 21798, 21803, 21816, 21812, 21797, 21794, 21799, 21806, 21796, 21809, 21830, 21831, 21828, 21823, 21818, 21827, 21838, 21834, 21837, 21836, 21825, 21824, 21833, 21821, 21826, 21839, 21835, 21820, 21817, 21822, 21829, 21819, 21832, 21853, 21854, 21851, 21846, 21841, 21850, 21861, 21857, 21860, 21859, 21848, 21847, 21856, 21844, 21849, 21862, 21858, 21843, 21840, 21845, 21852, 21842, 21855, 21876, 21877, 21874, 21869, 21864, 21873, 21884, 21880, 21883, 21882, 21871, 21870, 21879, 21867, 21872, 21885, 21881, 21866, 21863, 21868, 21875, 21865, 21878, 21899, 21900, 21897, 21892, 21887, 21896, 21907, 21903, 21906, 21905, 21894, 21893, 21902, 21890, 21895, 21908, 21904, 21889, 21886, 21891, 21898, 21888, 21901, 21922, 21923, 21920, 21915, 21910, 21919, 21930, 21926, 21929, 21928, 21917, 21916, 21925, 21913, 21918, 21931, 21927, 21912, 21909, 21914, 21921, 21911, 21924, 21945, 21946, 21943, 21938, 21933, 21942, 21953, 21949, 21952, 21951, 21940, 21939, 21948, 21936, 21941, 21954, 21950, 21935, 21932, 21937, 21944, 21934, 21947, 21968, 21969, 21966, 21961, 21956, 21965, 21976, 21972, 21975, 21974, 21963, 21962, 21971, 21959, 21964, 21977, 21973, 21958, 21955, 21960, 21967, 21957, 21970, 21991, 21992, 21989, 21984, 21979, 21988, 21999, 21995, 21998, 21997, 21986, 21985, 21994, 21982, 21987, 22000, 21996, 21981, 21978, 21983, 21990, 21980, 21993, 22014, 22015, 22012, 22007, 22002, 22011, 22022, 22018, 22021, 22020, 22009, 22008, 22017, 22005, 22010, 22023, 22019, 22004, 22001, 22006, 22013, 22003, 22016, 22037, 22038, 22035, 22030, 22025, 22034, 22045, 22041, 22044, 22043, 22032, 22031, 22040, 22028, 22033, 22046, 22042, 22027, 22024, 22029, 22036, 22026, 22039, 22060, 22061, 22058, 22053, 22048, 22057, 22068, 22064, 22067, 22066, 22055, 22054, 22063, 22051, 22056, 22069, 22065, 22050, 22047, 22052, 22059, 22049, 22062, 22083, 22084, 22081, 22076, 22071, 22080, 22091, 22087, 22090, 22089, 22078, 22077, 22086, 22074, 22079, 22092, 22088, 22073, 22070, 22075, 22082, 22072, 22085, 22106, 22107, 22104, 22099, 22094, 22103, 22114, 22110, 22113, 22112, 22101, 22100, 22109, 22097, 22102, 22115, 22111, 22096, 22093, 22098, 22105, 22095, 22108, 22129, 22130, 22127, 22122, 22117, 22126, 22137, 22133, 22136, 22135, 22124, 22123, 22132, 22120, 22125, 22138, 22134, 22119, 22116, 22121, 22128, 22118, 22131, 22152, 22153, 22150, 22145, 22140, 22149, 22160, 22156, 22159, 22158, 22147, 22146, 22155, 22143, 22148, 22161, 22157, 22142, 22139, 22144, 22151, 22141, 22154, 22175, 22176, 22173, 22168, 22163, 22172, 22183, 22179, 22182, 22181, 22170, 22169, 22178, 22166, 22171, 22184, 22180, 22165, 22162, 22167, 22174, 22164, 22177, 22198, 22199, 22196, 22191, 22186, 22195, 22206, 22202, 22205, 22204, 22193, 22192, 22201, 22189, 22194, 22207, 22203, 22188, 22185, 22190, 22197, 22187, 22200, 22221, 22222, 22219, 22214, 22209, 22218, 22229, 22225, 22228, 22227, 22216, 22215, 22224, 22212, 22217, 22230, 22226, 22211, 22208, 22213, 22220, 22210, 22223, 22244, 22245, 22242, 22237, 22232, 22241, 22252, 22248, 22251, 22250, 22239, 22238, 22247, 22235, 22240, 22253, 22249, 22234, 22231, 22236, 22243, 22233, 22246, 22267, 22268, 22265, 22260, 22255, 22264, 22275, 22271, 22274, 22273, 22262, 22261, 22270, 22258, 22263, 22276, 22272, 22257, 22254, 22259, 22266, 22256, 22269, 22290, 22291, 22288, 22283, 22278, 22287, 22298, 22294, 22297, 22296, 22285, 22284, 22293, 22281, 22286, 22299, 22295, 22280, 22277, 22282, 22289, 22279, 22292, 22313, 22314, 22311, 22306, 22301, 22310, 22321, 22317, 22320, 22319, 22308, 22307, 22316, 22304, 22309, 22322, 22318, 22303, 22300, 22305, 22312, 22302, 22315, 22336, 22337, 22334, 22329, 22324, 22333, 22344, 22340, 22343, 22342, 22331, 22330, 22339, 22327, 22332, 22345, 22341, 22326, 22323, 22328, 22335, 22325, 22338, 22359, 22360, 22357, 22352, 22347, 22356, 22367, 22363, 22366, 22365, 22354, 22353, 22362, 22350, 22355, 22368, 22364, 22349, 22346, 22351, 22358, 22348, 22361, 22382, 22383, 22380, 22375, 22370, 22379, 22390, 22386, 22389, 22388, 22377, 22376, 22385, 22373, 22378, 22391, 22387, 22372, 22369, 22374, 22381, 22371, 22384, 22405, 22406, 22403, 22398, 22393, 22402, 22413, 22409, 22412, 22411, 22400, 22399, 22408, 22396, 22401, 22414, 22410, 22395, 22392, 22397, 22404, 22394, 22407, 22428, 22429, 22426, 22421, 22416, 22425, 22436, 22432, 22435, 22434, 22423, 22422, 22431, 22419, 22424, 22437, 22433, 22418, 22415, 22420, 22427, 22417, 22430, 22451, 22452, 22449, 22444, 22439, 22448, 22459, 22455, 22458, 22457, 22446, 22445, 22454, 22442, 22447, 22460, 22456, 22441, 22438, 22443, 22450, 22440, 22453, 22474, 22475, 22472, 22467, 22462, 22471, 22482, 22478, 22481, 22480, 22469, 22468, 22477, 22465, 22470, 22483, 22479, 22464, 22461, 22466, 22473, 22463, 22476, 22497, 22498, 22495, 22490, 22485, 22494, 22505, 22501, 22504, 22503, 22492, 22491, 22500, 22488, 22493, 22506, 22502, 22487, 22484, 22489, 22496, 22486, 22499, 22520, 22521, 22518, 22513, 22508, 22517, 22528, 22524, 22527, 22526, 22515, 22514, 22523, 22511, 22516, 22529, 22525, 22510, 22507, 22512, 22519, 22509, 22522, 22543, 22544, 22541, 22536, 22531, 22540, 22551, 22547, 22550, 22549, 22538, 22537, 22546, 22534, 22539, 22552, 22548, 22533, 22530, 22535, 22542, 22532, 22545, 22566, 22567, 22564, 22559, 22554, 22563, 22574, 22570, 22573, 22572, 22561, 22560, 22569, 22557, 22562, 22575, 22571, 22556, 22553, 22558, 22565, 22555, 22568, 22589, 22590, 22587, 22582, 22577, 22586, 22597, 22593, 22596, 22595, 22584, 22583, 22592, 22580, 22585, 22598, 22594, 22579, 22576, 22581, 22588, 22578, 22591, 22612, 22613, 22610, 22605, 22600, 22609, 22620, 22616, 22619, 22618, 22607, 22606, 22615, 22603, 22608, 22621, 22617, 22602, 22599, 22604, 22611, 22601, 22614, 22635, 22636, 22633, 22628, 22623, 22632, 22643, 22639, 22642, 22641, 22630, 22629, 22638, 22626, 22631, 22644, 22640, 22625, 22622, 22627, 22634, 22624, 22637, 22658, 22659, 22656, 22651, 22646, 22655, 22666, 22662, 22665, 22664, 22653, 22652, 22661, 22649, 22654, 22667, 22663, 22648, 22645, 22650, 22657, 22647, 22660, 22681, 22682, 22679, 22674, 22669, 22678, 22689, 22685, 22688, 22687, 22676, 22675, 22684, 22672, 22677, 22690, 22686, 22671, 22668, 22673, 22680, 22670, 22683, 22704, 22705, 22702, 22697, 22692, 22701, 22712, 22708, 22711, 22710, 22699, 22698, 22707, 22695, 22700, 22713, 22709, 22694, 22691, 22696, 22703, 22693, 22706, 22727, 22728, 22725, 22720, 22715, 22724, 22735, 22731, 22734, 22733, 22722, 22721, 22730, 22718, 22723, 22736, 22732, 22717, 22714, 22719, 22726, 22716, 22729, 22750, 22751, 22748, 22743, 22738, 22747, 22758, 22754, 22757, 22756, 22745, 22744, 22753, 22741, 22746, 22759, 22755, 22740, 22737, 22742, 22749, 22739, 22752, 22773, 22774, 22771, 22766, 22761, 22770, 22781, 22777, 22780, 22779, 22768, 22767, 22776, 22764, 22769, 22782, 22778, 22763, 22760, 22765, 22772, 22762, 22775, 22796, 22797, 22794, 22789, 22784, 22793, 22804, 22800, 22803, 22802, 22791, 22790, 22799, 22787, 22792, 22805, 22801, 22786, 22783, 22788, 22795, 22785, 22798, 22819, 22820, 22817, 22812, 22807, 22816, 22827, 22823, 22826, 22825, 22814, 22813, 22822, 22810, 22815, 22828, 22824, 22809, 22806, 22811, 22818, 22808, 22821, 22842, 22843, 22840, 22835, 22830, 22839, 22850, 22846, 22849, 22848, 22837, 22836, 22845, 22833, 22838, 22851, 22847, 22832, 22829, 22834, 22841, 22831, 22844, 22865, 22866, 22863, 22858, 22853, 22862, 22873, 22869, 22872, 22871, 22860, 22859, 22868, 22856, 22861, 22874, 22870, 22855, 22852, 22857, 22864, 22854, 22867, 22888, 22889, 22886, 22881, 22876, 22885, 22896, 22892, 22895, 22894, 22883, 22882, 22891, 22879, 22884, 22897, 22893, 22878, 22875, 22880, 22887, 22877, 22890, 22911, 22912, 22909, 22904, 22899, 22908, 22919, 22915, 22918, 22917, 22906, 22905, 22914, 22902, 22907, 22920, 22916, 22901, 22898, 22903, 22910, 22900, 22913, 22934, 22935, 22932, 22927, 22922, 22931, 22942, 22938, 22941, 22940, 22929, 22928, 22937, 22925, 22930, 22943, 22939, 22924, 22921, 22926, 22933, 22923, 22936, 22957, 22958, 22955, 22950, 22945, 22954, 22965, 22961, 22964, 22963, 22952, 22951, 22960, 22948, 22953, 22966, 22962, 22947, 22944, 22949, 22956, 22946, 22959, 22980, 22981, 22978, 22973, 22968, 22977, 22988, 22984, 22987, 22986, 22975, 22974, 22983, 22971, 22976, 22989, 22985, 22970, 22967, 22972, 22979, 22969, 22982, 23003, 23004, 23001, 22996, 22991, 23000, 23011, 23007, 23010, 23009, 22998, 22997, 23006, 22994, 22999, 23012, 23008, 22993, 22990, 22995, 23002, 22992, 23005, 23026, 23027, 23024, 23019, 23014, 23023, 23034, 23030, 23033, 23032, 23021, 23020, 23029, 23017, 23022, 23035, 23031, 23016, 23013, 23018, 23025, 23015, 23028, 23049, 23050, 23047, 23042, 23037, 23046, 23057, 23053, 23056, 23055, 23044, 23043, 23052, 23040, 23045, 23058, 23054, 23039, 23036, 23041, 23048, 23038, 23051, 23072, 23073, 23070, 23065, 23060, 23069, 23080, 23076, 23079, 23078, 23067, 23066, 23075, 23063, 23068, 23081, 23077, 23062, 23059, 23064, 23071, 23061, 23074, 23095, 23096, 23093, 23088, 23083, 23092, 23103, 23099, 23102, 23101, 23090, 23089, 23098, 23086, 23091, 23104, 23100, 23085, 23082, 23087, 23094, 23084, 23097, 23118, 23119, 23116, 23111, 23106, 23115, 23126, 23122, 23125, 23124, 23113, 23112, 23121, 23109, 23114, 23127, 23123, 23108, 23105, 23110, 23117, 23107, 23120, 23141, 23142, 23139, 23134, 23129, 23138, 23149, 23145, 23148, 23147, 23136, 23135, 23144, 23132, 23137, 23150, 23146, 23131, 23128, 23133, 23140, 23130, 23143, 23164, 23165, 23162, 23157, 23152, 23161, 23172, 23168, 23171, 23170, 23159, 23158, 23167, 23155, 23160, 23173, 23169, 23154, 23151, 23156, 23163, 23153, 23166, 23187, 23188, 23185, 23180, 23175, 23184, 23195, 23191, 23194, 23193, 23182, 23181, 23190, 23178, 23183, 23196, 23192, 23177, 23174, 23179, 23186, 23176, 23189, 23210, 23211, 23208, 23203, 23198, 23207, 23218, 23214, 23217, 23216, 23205, 23204, 23213, 23201, 23206, 23219, 23215, 23200, 23197, 23202, 23209, 23199, 23212, 23233, 23234, 23231, 23226, 23221, 23230, 23241, 23237, 23240, 23239, 23228, 23227, 23236, 23224, 23229, 23242, 23238, 23223, 23220, 23225, 23232, 23222, 23235, 23256, 23257, 23254, 23249, 23244, 23253, 23264, 23260, 23263, 23262, 23251, 23250, 23259, 23247, 23252, 23265, 23261, 23246, 23243, 23248, 23255, 23245, 23258, 23279, 23280, 23277, 23272, 23267, 23276, 23287, 23283, 23286, 23285, 23274, 23273, 23282, 23270, 23275, 23288, 23284, 23269, 23266, 23271, 23278, 23268, 23281, 23302, 23303, 23300, 23295, 23290, 23299, 23310, 23306, 23309, 23308, 23297, 23296, 23305, 23293, 23298, 23311, 23307, 23292, 23289, 23294, 23301, 23291, 23304, 23325, 23326, 23323, 23318, 23313, 23322, 23333, 23329, 23332, 23331, 23320, 23319, 23328, 23316, 23321, 23334, 23330, 23315, 23312, 23317, 23324, 23314, 23327, 23348, 23349, 23346, 23341, 23336, 23345, 23356, 23352, 23355, 23354, 23343, 23342, 23351, 23339, 23344, 23357, 23353, 23338, 23335, 23340, 23347, 23337, 23350, 23371, 23372, 23369, 23364, 23359, 23368, 23379, 23375, 23378, 23377, 23366, 23365, 23374, 23362, 23367, 23380, 23376, 23361, 23358, 23363, 23370, 23360, 23373, 23394, 23395, 23392, 23387, 23382, 23391, 23402, 23398, 23401, 23400, 23389, 23388, 23397, 23385, 23390, 23403, 23399, 23384, 23381, 23386, 23393, 23383, 23396, 23417, 23418, 23415, 23410, 23405, 23414, 23425, 23421, 23424, 23423, 23412, 23411, 23420, 23408, 23413, 23426, 23422, 23407, 23404, 23409, 23416, 23406, 23419, 23440, 23441, 23438, 23433, 23428, 23437, 23448, 23444, 23447, 23446, 23435, 23434, 23443, 23431, 23436, 23449, 23445, 23430, 23427, 23432, 23439, 23429, 23442, 23463, 23464, 23461, 23456, 23451, 23460, 23471, 23467, 23470, 23469, 23458, 23457, 23466, 23454, 23459, 23472, 23468, 23453, 23450, 23455, 23462, 23452, 23465, 23486, 23487, 23484, 23479, 23474, 23483, 23494, 23490, 23493, 23492, 23481, 23480, 23489, 23477, 23482, 23495, 23491, 23476, 23473, 23478, 23485, 23475, 23488, 23509, 23510, 23507, 23502, 23497, 23506, 23517, 23513, 23516, 23515, 23504, 23503, 23512, 23500, 23505, 23518, 23514, 23499, 23496, 23501, 23508, 23498, 23511, 23532, 23533, 23530, 23525, 23520, 23529, 23540, 23536, 23539, 23538, 23527, 23526, 23535, 23523, 23528, 23541, 23537, 23522, 23519, 23524, 23531, 23521, 23534, 23555, 23556, 23553, 23548, 23543, 23552, 23563, 23559, 23562, 23561, 23550, 23549, 23558, 23546, 23551, 23564, 23560, 23545, 23542, 23547, 23554, 23544, 23557, 23578, 23579, 23576, 23571, 23566, 23575, 23586, 23582, 23585, 23584, 23573, 23572, 23581, 23569, 23574, 23587, 23583, 23568, 23565, 23570, 23577, 23567, 23580, 23601, 23602, 23599, 23594, 23589, 23598, 23609, 23605, 23608, 23607, 23596, 23595, 23604, 23592, 23597, 23610, 23606, 23591, 23588, 23593, 23600, 23590, 23603, 23624, 23625, 23622, 23617, 23612, 23621, 23632, 23628, 23631, 23630, 23619, 23618, 23627, 23615, 23620, 23633, 23629, 23614, 23611, 23616, 23623, 23613, 23626, 23647, 23648, 23645, 23640, 23635, 23644, 23655, 23651, 23654, 23653, 23642, 23641, 23650, 23638, 23643, 23656, 23652, 23637, 23634, 23639, 23646, 23636, 23649, 23670, 23671, 23668, 23663, 23658, 23667, 23678, 23674, 23677, 23676, 23665, 23664, 23673, 23661, 23666, 23679, 23675, 23660, 23657, 23662, 23669, 23659, 23672, 23693, 23694, 23691, 23686, 23681, 23690, 23701, 23697, 23700, 23699, 23688, 23687, 23696, 23684, 23689, 23702, 23698, 23683, 23680, 23685, 23692, 23682, 23695, 23716, 23717, 23714, 23709, 23704, 23713, 23724, 23720, 23723, 23722, 23711, 23710, 23719, 23707, 23712, 23725, 23721, 23706, 23703, 23708, 23715, 23705, 23718, 23739, 23740, 23737, 23732, 23727, 23736, 23747, 23743, 23746, 23745, 23734, 23733, 23742, 23730, 23735, 23748, 23744, 23729, 23726, 23731, 23738, 23728, 23741, 23762, 23763, 23760, 23755, 23750, 23759, 23770, 23766, 23769, 23768, 23757, 23756, 23765, 23753, 23758, 23771, 23767, 23752, 23749, 23754, 23761, 23751, 23764, 23785, 23786, 23783, 23778, 23773, 23782, 23793, 23789, 23792, 23791, 23780, 23779, 23788, 23776, 23781, 23794, 23790, 23775, 23772, 23777, 23784, 23774, 23787, 23808, 23809, 23806, 23801, 23796, 23805, 23816, 23812, 23815, 23814, 23803, 23802, 23811, 23799, 23804, 23817, 23813, 23798, 23795, 23800, 23807, 23797, 23810, 23831, 23832, 23829, 23824, 23819, 23828, 23839, 23835, 23838, 23837, 23826, 23825, 23834, 23822, 23827, 23840, 23836, 23821, 23818, 23823, 23830, 23820, 23833, 23854, 23855, 23852, 23847, 23842, 23851, 23862, 23858, 23861, 23860, 23849, 23848, 23857, 23845, 23850, 23863, 23859, 23844, 23841, 23846, 23853, 23843, 23856, 23877, 23878, 23875, 23870, 23865, 23874, 23885, 23881, 23884, 23883, 23872, 23871, 23880, 23868, 23873, 23886, 23882, 23867, 23864, 23869, 23876, 23866, 23879, 23900, 23901, 23898, 23893, 23888, 23897, 23908, 23904, 23907, 23906, 23895, 23894, 23903, 23891, 23896, 23909, 23905, 23890, 23887, 23892, 23899, 23889, 23902, 23923, 23924, 23921, 23916, 23911, 23920, 23931, 23927, 23930, 23929, 23918, 23917, 23926, 23914, 23919, 23932, 23928, 23913, 23910, 23915, 23922, 23912, 23925, 23946, 23947, 23944, 23939, 23934, 23943, 23954, 23950, 23953, 23952, 23941, 23940, 23949, 23937, 23942, 23955, 23951, 23936, 23933, 23938, 23945, 23935, 23948, 23969, 23970, 23967, 23962, 23957, 23966, 23977, 23973, 23976, 23975, 23964, 23963, 23972, 23960, 23965, 23978, 23974, 23959, 23956, 23961, 23968, 23958, 23971, 23992, 23993, 23990, 23985, 23980, 23989, 24000, 23996, 23999, 23998, 23987, 23986, 23995, 23983, 23988, 24001, 23997, 23982, 23979, 23984, 23991, 23981, 23994, 24015, 24016, 24013, 24008, 24003, 24012, 24023, 24019, 24022, 24021, 24010, 24009, 24018, 24006, 24011, 24024, 24020, 24005, 24002, 24007, 24014, 24004, 24017, 24038, 24039, 24036, 24031, 24026, 24035, 24046, 24042, 24045, 24044, 24033, 24032, 24041, 24029, 24034, 24047, 24043, 24028, 24025, 24030, 24037, 24027, 24040, 24061, 24062, 24059, 24054, 24049, 24058, 24069, 24065, 24068, 24067, 24056, 24055, 24064, 24052, 24057, 24070, 24066, 24051, 24048, 24053, 24060, 24050, 24063, 24084, 24085, 24082, 24077, 24072, 24081, 24092, 24088, 24091, 24090, 24079, 24078, 24087, 24075, 24080, 24093, 24089, 24074, 24071, 24076, 24083, 24073, 24086, 24107, 24108, 24105, 24100, 24095, 24104, 24115, 24111, 24114, 24113, 24102, 24101, 24110, 24098, 24103, 24116, 24112, 24097, 24094, 24099, 24106, 24096, 24109, 24130, 24131, 24128, 24123, 24118, 24127, 24138, 24134, 24137, 24136, 24125, 24124, 24133, 24121, 24126, 24139, 24135, 24120, 24117, 24122, 24129, 24119, 24132, 24153, 24154, 24151, 24146, 24141, 24150, 24161, 24157, 24160, 24159, 24148, 24147, 24156, 24144, 24149, 24162, 24158, 24143, 24140, 24145, 24152, 24142, 24155, 24176, 24177, 24174, 24169, 24164, 24173, 24184, 24180, 24183, 24182, 24171, 24170, 24179, 24167, 24172, 24185, 24181, 24166, 24163, 24168, 24175, 24165, 24178, 24199, 24200, 24197, 24192, 24187, 24196, 24207, 24203, 24206, 24205, 24194, 24193, 24202, 24190, 24195, 24208, 24204, 24189, 24186, 24191, 24198, 24188, 24201, 24222, 24223, 24220, 24215, 24210, 24219, 24230, 24226, 24229, 24228, 24217, 24216, 24225, 24213, 24218, 24231, 24227, 24212, 24209, 24214, 24221, 24211, 24224, 24245, 24246, 24243, 24238, 24233, 24242, 24253, 24249, 24252, 24251, 24240, 24239, 24248, 24236, 24241, 24254, 24250, 24235, 24232, 24237, 24244, 24234, 24247, 24268, 24269, 24266, 24261, 24256, 24265, 24276, 24272, 24275, 24274, 24263, 24262, 24271, 24259, 24264, 24277, 24273, 24258, 24255, 24260, 24267, 24257, 24270, 24291, 24292, 24289, 24284, 24279, 24288, 24299, 24295, 24298, 24297, 24286, 24285, 24294, 24282, 24287, 24300, 24296, 24281, 24278, 24283, 24290, 24280, 24293, 24314, 24315, 24312, 24307, 24302, 24311, 24322, 24318, 24321, 24320, 24309, 24308, 24317, 24305, 24310, 24323, 24319, 24304, 24301, 24306, 24313, 24303, 24316, 24337, 24338, 24335, 24330, 24325, 24334, 24345, 24341, 24344, 24343, 24332, 24331, 24340, 24328, 24333, 24346, 24342, 24327, 24324, 24329, 24336, 24326, 24339, 24360, 24361, 24358, 24353, 24348, 24357, 24368, 24364, 24367, 24366, 24355, 24354, 24363, 24351, 24356, 24369, 24365, 24350, 24347, 24352, 24359, 24349, 24362, 24383, 24384, 24381, 24376, 24371, 24380, 24391, 24387, 24390, 24389, 24378, 24377, 24386, 24374, 24379, 24392, 24388, 24373, 24370, 24375, 24382, 24372, 24385, 24406, 24407, 24404, 24399, 24394, 24403, 24414, 24410, 24413, 24412, 24401, 24400, 24409, 24397, 24402, 24415, 24411, 24396, 24393, 24398, 24405, 24395, 24408, 24429, 24430, 24427, 24422, 24417, 24426, 24437, 24433, 24436, 24435, 24424, 24423, 24432, 24420, 24425, 24438, 24434, 24419, 24416, 24421, 24428, 24418, 24431, 24452, 24453, 24450, 24445, 24440, 24449, 24460, 24456, 24459, 24458, 24447, 24446, 24455, 24443, 24448, 24461, 24457, 24442, 24439, 24444, 24451, 24441, 24454, 24475, 24476, 24473, 24468, 24463, 24472, 24483, 24479, 24482, 24481, 24470, 24469, 24478, 24466, 24471, 24484, 24480, 24465, 24462, 24467, 24474, 24464, 24477, 24498, 24499, 24496, 24491, 24486, 24495, 24506, 24502, 24505, 24504, 24493, 24492, 24501, 24489, 24494, 24507, 24503, 24488, 24485, 24490, 24497, 24487, 24500, 24521, 24522, 24519, 24514, 24509, 24518, 24529, 24525, 24528, 24527, 24516, 24515, 24524, 24512, 24517, 24530, 24526, 24511, 24508, 24513, 24520, 24510, 24523, 24544, 24545, 24542, 24537, 24532, 24541, 24552, 24548, 24551, 24550, 24539, 24538, 24547, 24535, 24540, 24553, 24549, 24534, 24531, 24536, 24543, 24533, 24546, 24567, 24568, 24565, 24560, 24555, 24564, 24575, 24571, 24574, 24573, 24562, 24561, 24570, 24558, 24563, 24576, 24572, 24557, 24554, 24559, 24566, 24556, 24569, 24590, 24591, 24588, 24583, 24578, 24587, 24598, 24594, 24597, 24596, 24585, 24584, 24593, 24581, 24586, 24599, 24595, 24580, 24577, 24582, 24589, 24579, 24592, 24613, 24614, 24611, 24606, 24601, 24610, 24621, 24617, 24620, 24619, 24608, 24607, 24616, 24604, 24609, 24622, 24618, 24603, 24600, 24605, 24612, 24602, 24615, 24636, 24637, 24634, 24629, 24624, 24633, 24644, 24640, 24643, 24642, 24631, 24630, 24639, 24627, 24632, 24645, 24641, 24626, 24623, 24628, 24635, 24625, 24638, 24659, 24660, 24657, 24652, 24647, 24656, 24667, 24663, 24666, 24665, 24654, 24653, 24662, 24650, 24655, 24668, 24664, 24649, 24646, 24651, 24658, 24648, 24661, 24682, 24683, 24680, 24675, 24670, 24679, 24690, 24686, 24689, 24688, 24677, 24676, 24685, 24673, 24678, 24691, 24687, 24672, 24669, 24674, 24681, 24671, 24684, 24705, 24706, 24703, 24698, 24693, 24702, 24713, 24709, 24712, 24711, 24700, 24699, 24708, 24696, 24701, 24714, 24710, 24695, 24692, 24697, 24704, 24694, 24707, 24728, 24729, 24726, 24721, 24716, 24725, 24736, 24732, 24735, 24734, 24723, 24722, 24731, 24719, 24724, 24737, 24733, 24718, 24715, 24720, 24727, 24717, 24730, 24751, 24752, 24749, 24744, 24739, 24748, 24759, 24755, 24758, 24757, 24746, 24745, 24754, 24742, 24747, 24760, 24756, 24741, 24738, 24743, 24750, 24740, 24753, 24774, 24775, 24772, 24767, 24762, 24771, 24782, 24778, 24781, 24780, 24769, 24768, 24777, 24765, 24770, 24783, 24779, 24764, 24761, 24766, 24773, 24763, 24776, 24797, 24798, 24795, 24790, 24785, 24794, 24805, 24801, 24804, 24803, 24792, 24791, 24800, 24788, 24793, 24806, 24802, 24787, 24784, 24789, 24796, 24786, 24799, 24820, 24821, 24818, 24813, 24808, 24817, 24828, 24824, 24827, 24826, 24815, 24814, 24823, 24811, 24816, 24829, 24825, 24810, 24807, 24812, 24819, 24809, 24822, 24843, 24844, 24841, 24836, 24831, 24840, 24851, 24847, 24850, 24849, 24838, 24837, 24846, 24834, 24839, 24852, 24848, 24833, 24830, 24835, 24842, 24832, 24845, 24866, 24867, 24864, 24859, 24854, 24863, 24874, 24870, 24873, 24872, 24861, 24860, 24869, 24857, 24862, 24875, 24871, 24856, 24853, 24858, 24865, 24855, 24868, 24889, 24890, 24887, 24882, 24877, 24886, 24897, 24893, 24896, 24895, 24884, 24883, 24892, 24880, 24885, 24898, 24894, 24879, 24876, 24881, 24888, 24878, 24891, 24912, 24913, 24910, 24905, 24900, 24909, 24920, 24916, 24919, 24918, 24907, 24906, 24915, 24903, 24908, 24921, 24917, 24902, 24899, 24904, 24911, 24901, 24914, 24935, 24936, 24933, 24928, 24923, 24932, 24943, 24939, 24942, 24941, 24930, 24929, 24938, 24926, 24931, 24944, 24940, 24925, 24922, 24927, 24934, 24924, 24937, 24958, 24959, 24956, 24951, 24946, 24955, 24966, 24962, 24965, 24964, 24953, 24952, 24961, 24949, 24954, 24967, 24963, 24948, 24945, 24950, 24957, 24947, 24960, 24981, 24982, 24979, 24974, 24969, 24978, 24989, 24985, 24988, 24987, 24976, 24975, 24984, 24972, 24977, 24990, 24986, 24971, 24968, 24973, 24980, 24970, 24983, 25004, 25005, 25002, 24997, 24992, 25001, 25012, 25008, 25011, 25010, 24999, 24998, 25007, 24995, 25000, 25013, 25009, 24994, 24991, 24996, 25003, 24993, 25006, 25027, 25028, 25025, 25020, 25015, 25024, 25035, 25031, 25034, 25033, 25022, 25021, 25030, 25018, 25023, 25036, 25032, 25017, 25014, 25019, 25026, 25016, 25029, 25050, 25051, 25048, 25043, 25038, 25047, 25058, 25054, 25057, 25056, 25045, 25044, 25053, 25041, 25046, 25059, 25055, 25040, 25037, 25042, 25049, 25039, 25052, 25073, 25074, 25071, 25066, 25061, 25070, 25081, 25077, 25080, 25079, 25068, 25067, 25076, 25064, 25069, 25082, 25078, 25063, 25060, 25065, 25072, 25062, 25075, 25096, 25097, 25094, 25089, 25084, 25093, 25104, 25100, 25103, 25102, 25091, 25090, 25099, 25087, 25092, 25105, 25101, 25086, 25083, 25088, 25095, 25085, 25098, 25119, 25120, 25117, 25112, 25107, 25116, 25127, 25123, 25126, 25125, 25114, 25113, 25122, 25110, 25115, 25128, 25124, 25109, 25106, 25111, 25118, 25108, 25121, 25142, 25143, 25140, 25135, 25130, 25139, 25150, 25146, 25149, 25148, 25137, 25136, 25145, 25133, 25138, 25151, 25147, 25132, 25129, 25134, 25141, 25131, 25144, 25165, 25166, 25163, 25158, 25153, 25162, 25173, 25169, 25172, 25171, 25160, 25159, 25168, 25156, 25161, 25174, 25170, 25155, 25152, 25157, 25164, 25154, 25167, 25188, 25189, 25186, 25181, 25176, 25185, 25196, 25192, 25195, 25194, 25183, 25182, 25191, 25179, 25184, 25197, 25193, 25178, 25175, 25180, 25187, 25177, 25190, 25211, 25212, 25209, 25204, 25199, 25208, 25219, 25215, 25218, 25217, 25206, 25205, 25214, 25202, 25207, 25220, 25216, 25201, 25198, 25203, 25210, 25200, 25213, 25234, 25235, 25232, 25227, 25222, 25231, 25242, 25238, 25241, 25240, 25229, 25228, 25237, 25225, 25230, 25243, 25239, 25224, 25221, 25226, 25233, 25223, 25236, 25257, 25258, 25255, 25250, 25245, 25254, 25265, 25261, 25264, 25263, 25252, 25251, 25260, 25248, 25253, 25266, 25262, 25247, 25244, 25249, 25256, 25246, 25259, 25280, 25281, 25278, 25273, 25268, 25277, 25288, 25284, 25287, 25286, 25275, 25274, 25283, 25271, 25276, 25289, 25285, 25270, 25267, 25272, 25279, 25269, 25282, 25303, 25304, 25301, 25296, 25291, 25300, 25311, 25307, 25310, 25309, 25298, 25297, 25306, 25294, 25299, 25312, 25308, 25293, 25290, 25295, 25302, 25292, 25305, 25326, 25327, 25324, 25319, 25314, 25323, 25334, 25330, 25333, 25332, 25321, 25320, 25329, 25317, 25322, 25335, 25331, 25316, 25313, 25318, 25325, 25315, 25328, 25349, 25350, 25347, 25342, 25337, 25346, 25357, 25353, 25356, 25355, 25344, 25343, 25352, 25340, 25345, 25358, 25354, 25339, 25336, 25341, 25348, 25338, 25351, 25372, 25373, 25370, 25365, 25360, 25369, 25380, 25376, 25379, 25378, 25367, 25366, 25375, 25363, 25368, 25381, 25377, 25362, 25359, 25364, 25371, 25361, 25374, 25395, 25396, 25393, 25388, 25383, 25392, 25403, 25399, 25402, 25401, 25390, 25389, 25398, 25386, 25391, 25404, 25400, 25385, 25382, 25387, 25394, 25384, 25397, 25418, 25419, 25416, 25411, 25406, 25415, 25426, 25422, 25425, 25424, 25413, 25412, 25421, 25409, 25414, 25427, 25423, 25408, 25405, 25410, 25417, 25407, 25420, 25441, 25442, 25439, 25434, 25429, 25438, 25449, 25445, 25448, 25447, 25436, 25435, 25444, 25432, 25437, 25450, 25446, 25431, 25428, 25433, 25440, 25430, 25443, 25464, 25465, 25462, 25457, 25452, 25461, 25472, 25468, 25471, 25470, 25459, 25458, 25467, 25455, 25460, 25473, 25469, 25454, 25451, 25456, 25463, 25453, 25466, 25487, 25488, 25485, 25480, 25475, 25484, 25495, 25491, 25494, 25493, 25482, 25481, 25490, 25478, 25483, 25496, 25492, 25477, 25474, 25479, 25486, 25476, 25489, 25510, 25511, 25508, 25503, 25498, 25507, 25518, 25514, 25517, 25516, 25505, 25504, 25513, 25501, 25506, 25519, 25515, 25500, 25497, 25502, 25509, 25499, 25512, 25533, 25534, 25531, 25526, 25521, 25530, 25541, 25537, 25540, 25539, 25528, 25527, 25536, 25524, 25529, 25542, 25538, 25523, 25520, 25525, 25532, 25522, 25535, 25556, 25557, 25554, 25549, 25544, 25553, 25564, 25560, 25563, 25562, 25551, 25550, 25559, 25547, 25552, 25565, 25561, 25546, 25543, 25548, 25555, 25545, 25558, 25579, 25580, 25577, 25572, 25567, 25576, 25587, 25583, 25586, 25585, 25574, 25573, 25582, 25570, 25575, 25588, 25584, 25569, 25566, 25571, 25578, 25568, 25581, 25602, 25603, 25600, 25595, 25590, 25599, 25610, 25606, 25609, 25608, 25597, 25596, 25605, 25593, 25598, 25611, 25607, 25592, 25589, 25594, 25601, 25591, 25604, 25625, 25626, 25623, 25618, 25613, 25622, 25633, 25629, 25632, 25631, 25620, 25619, 25628, 25616, 25621, 25634, 25630, 25615, 25612, 25617, 25624, 25614, 25627, 25648, 25649, 25646, 25641, 25636, 25645, 25656, 25652, 25655, 25654, 25643, 25642, 25651, 25639, 25644, 25657, 25653, 25638, 25635, 25640, 25647, 25637, 25650, 25671, 25672, 25669, 25664, 25659, 25668, 25679, 25675, 25678, 25677, 25666, 25665, 25674, 25662, 25667, 25680, 25676, 25661, 25658, 25663, 25670, 25660, 25673, 25694, 25695, 25692, 25687, 25682, 25691, 25702, 25698, 25701, 25700, 25689, 25688, 25697, 25685, 25690, 25703, 25699, 25684, 25681, 25686, 25693, 25683, 25696, 25717, 25718, 25715, 25710, 25705, 25714, 25725, 25721, 25724, 25723, 25712, 25711, 25720, 25708, 25713, 25726, 25722, 25707, 25704, 25709, 25716, 25706, 25719, 25740, 25741, 25738, 25733, 25728, 25737, 25748, 25744, 25747, 25746, 25735, 25734, 25743, 25731, 25736, 25749, 25745, 25730, 25727, 25732, 25739, 25729, 25742, 25763, 25764, 25761, 25756, 25751, 25760, 25771, 25767, 25770, 25769, 25758, 25757, 25766, 25754, 25759, 25772, 25768, 25753, 25750, 25755, 25762, 25752, 25765, 25786, 25787, 25784, 25779, 25774, 25783, 25794, 25790, 25793, 25792, 25781, 25780, 25789, 25777, 25782, 25795, 25791, 25776, 25773, 25778, 25785, 25775, 25788, 25809, 25810, 25807, 25802, 25797, 25806, 25817, 25813, 25816, 25815, 25804, 25803, 25812, 25800, 25805, 25818, 25814, 25799, 25796, 25801, 25808, 25798, 25811, 25832, 25833, 25830, 25825, 25820, 25829, 25840, 25836, 25839, 25838, 25827, 25826, 25835, 25823, 25828, 25841, 25837, 25822, 25819, 25824, 25831, 25821, 25834, 25855, 25856, 25853, 25848, 25843, 25852, 25863, 25859, 25862, 25861, 25850, 25849, 25858, 25846, 25851, 25864, 25860, 25845, 25842, 25847, 25854, 25844, 25857, 25878, 25879, 25876, 25871, 25866, 25875, 25886, 25882, 25885, 25884, 25873, 25872, 25881, 25869, 25874, 25887, 25883, 25868, 25865, 25870, 25877, 25867, 25880, 25901, 25902, 25899, 25894, 25889, 25898, 25909, 25905, 25908, 25907, 25896, 25895, 25904, 25892, 25897, 25910, 25906, 25891, 25888, 25893, 25900, 25890, 25903, 25924, 25925, 25922, 25917, 25912, 25921, 25932, 25928, 25931, 25930, 25919, 25918, 25927, 25915, 25920, 25933, 25929, 25914, 25911, 25916, 25923, 25913, 25926, 25947, 25948, 25945, 25940, 25935, 25944, 25955, 25951, 25954, 25953, 25942, 25941, 25950, 25938, 25943, 25956, 25952, 25937, 25934, 25939, 25946, 25936, 25949, 25970, 25971, 25968, 25963, 25958, 25967, 25978, 25974, 25977, 25976, 25965, 25964, 25973, 25961, 25966, 25979, 25975, 25960, 25957, 25962, 25969, 25959, 25972, 25993, 25994, 25991, 25986, 25981, 25990, 26001, 25997, 26000, 25999, 25988, 25987, 25996, 25984, 25989, 26002, 25998, 25983, 25980, 25985, 25992, 25982, 25995, 26016, 26017, 26014, 26009, 26004, 26013, 26024, 26020, 26023, 26022, 26011, 26010, 26019, 26007, 26012, 26025, 26021, 26006, 26003, 26008, 26015, 26005, 26018, 26039, 26040, 26037, 26032, 26027, 26036, 26047, 26043, 26046, 26045, 26034, 26033, 26042, 26030, 26035, 26048, 26044, 26029, 26026, 26031, 26038, 26028, 26041, 26062, 26063, 26060, 26055, 26050, 26059, 26070, 26066, 26069, 26068, 26057, 26056, 26065, 26053, 26058, 26071, 26067, 26052, 26049, 26054, 26061, 26051, 26064, 26085, 26086, 26083, 26078, 26073, 26082, 26093, 26089, 26092, 26091, 26080, 26079, 26088, 26076, 26081, 26094, 26090, 26075, 26072, 26077, 26084, 26074, 26087, 26108, 26109, 26106, 26101, 26096, 26105, 26116, 26112, 26115, 26114, 26103, 26102, 26111, 26099, 26104, 26117, 26113, 26098, 26095, 26100, 26107, 26097, 26110, 26131, 26132, 26129, 26124, 26119, 26128, 26139, 26135, 26138, 26137, 26126, 26125, 26134, 26122, 26127, 26140, 26136, 26121, 26118, 26123, 26130, 26120, 26133, 26154, 26155, 26152, 26147, 26142, 26151, 26162, 26158, 26161, 26160, 26149, 26148, 26157, 26145, 26150, 26163, 26159, 26144, 26141, 26146, 26153, 26143, 26156, 26177, 26178, 26175, 26170, 26165, 26174, 26185, 26181, 26184, 26183, 26172, 26171, 26180, 26168, 26173, 26186, 26182, 26167, 26164, 26169, 26176, 26166, 26179, 26200, 26201, 26198, 26193, 26188, 26197, 26208, 26204, 26207, 26206, 26195, 26194, 26203, 26191, 26196, 26209, 26205, 26190, 26187, 26192, 26199, 26189, 26202, 26223, 26224, 26221, 26216, 26211, 26220, 26231, 26227, 26230, 26229, 26218, 26217, 26226, 26214, 26219, 26232, 26228, 26213, 26210, 26215, 26222, 26212, 26225, 26246, 26247, 26244, 26239, 26234, 26243, 26254, 26250, 26253, 26252, 26241, 26240, 26249, 26237, 26242, 26255, 26251, 26236, 26233, 26238, 26245, 26235, 26248, 26269, 26270, 26267, 26262, 26257, 26266, 26277, 26273, 26276, 26275, 26264, 26263, 26272, 26260, 26265, 26278, 26274, 26259, 26256, 26261, 26268, 26258, 26271, 26292, 26293, 26290, 26285, 26280, 26289, 26300, 26296, 26299, 26298, 26287, 26286, 26295, 26283, 26288, 26301, 26297, 26282, 26279, 26284, 26291, 26281, 26294, 26315, 26316, 26313, 26308, 26303, 26312, 26323, 26319, 26322, 26321, 26310, 26309, 26318, 26306, 26311, 26324, 26320, 26305, 26302, 26307, 26314, 26304, 26317, 26338, 26339, 26336, 26331, 26326, 26335, 26346, 26342, 26345, 26344, 26333, 26332, 26341, 26329, 26334, 26347, 26343, 26328, 26325, 26330, 26337, 26327, 26340, 26361, 26362, 26359, 26354, 26349, 26358, 26369, 26365, 26368, 26367, 26356, 26355, 26364, 26352, 26357, 26370, 26366, 26351, 26348, 26353, 26360, 26350, 26363, 26384, 26385, 26382, 26377, 26372, 26381, 26392, 26388, 26391, 26390, 26379, 26378, 26387, 26375, 26380, 26393, 26389, 26374, 26371, 26376, 26383, 26373, 26386, 26407, 26408, 26405, 26400, 26395, 26404, 26415, 26411, 26414, 26413, 26402, 26401, 26410, 26398, 26403, 26416, 26412, 26397, 26394, 26399, 26406, 26396, 26409, 26430, 26431, 26428, 26423, 26418, 26427, 26438, 26434, 26437, 26436, 26425, 26424, 26433, 26421, 26426, 26439, 26435, 26420, 26417, 26422, 26429, 26419, 26432, 26453, 26454, 26451, 26446, 26441, 26450, 26461, 26457, 26460, 26459, 26448, 26447, 26456, 26444, 26449, 26462, 26458, 26443, 26440, 26445, 26452, 26442, 26455, 26476, 26477, 26474, 26469, 26464, 26473, 26484, 26480, 26483, 26482, 26471, 26470, 26479, 26467, 26472, 26485, 26481, 26466, 26463, 26468, 26475, 26465, 26478, 26499, 26500, 26497, 26492, 26487, 26496, 26507, 26503, 26506, 26505, 26494, 26493, 26502, 26490, 26495, 26508, 26504, 26489, 26486, 26491, 26498, 26488, 26501, 26522, 26523, 26520, 26515, 26510, 26519, 26530, 26526, 26529, 26528, 26517, 26516, 26525, 26513, 26518, 26531, 26527, 26512, 26509, 26514, 26521, 26511, 26524, 26545, 26546, 26543, 26538, 26533, 26542, 26553, 26549, 26552, 26551, 26540, 26539, 26548, 26536, 26541, 26554, 26550, 26535, 26532, 26537, 26544, 26534, 26547, 26568, 26569, 26566, 26561, 26556, 26565, 26576, 26572, 26575, 26574, 26563, 26562, 26571, 26559, 26564, 26577, 26573, 26558, 26555, 26560, 26567, 26557, 26570, 26591, 26592, 26589, 26584, 26579, 26588, 26599, 26595, 26598, 26597, 26586, 26585, 26594, 26582, 26587, 26600, 26596, 26581, 26578, 26583, 26590, 26580, 26593, 26614, 26615, 26612, 26607, 26602, 26611, 26622, 26618, 26621, 26620, 26609, 26608, 26617, 26605, 26610, 26623, 26619, 26604, 26601, 26606, 26613, 26603, 26616, 26637, 26638, 26635, 26630, 26625, 26634, 26645, 26641, 26644, 26643, 26632, 26631, 26640, 26628, 26633, 26646, 26642, 26627, 26624, 26629, 26636, 26626, 26639, 26660, 26661, 26658, 26653, 26648, 26657, 26668, 26664, 26667, 26666, 26655, 26654, 26663, 26651, 26656, 26669, 26665, 26650, 26647, 26652, 26659, 26649, 26662, 26683, 26684, 26681, 26676, 26671, 26680, 26691, 26687, 26690, 26689, 26678, 26677, 26686, 26674, 26679, 26692, 26688, 26673, 26670, 26675, 26682, 26672, 26685, 26706, 26707, 26704, 26699, 26694, 26703, 26714, 26710, 26713, 26712, 26701, 26700, 26709, 26697, 26702, 26715, 26711, 26696, 26693, 26698, 26705, 26695, 26708, 26729, 26730, 26727, 26722, 26717, 26726, 26737, 26733, 26736, 26735, 26724, 26723, 26732, 26720, 26725, 26738, 26734, 26719, 26716, 26721, 26728, 26718, 26731, 26752, 26753, 26750, 26745, 26740, 26749, 26760, 26756, 26759, 26758, 26747, 26746, 26755, 26743, 26748, 26761, 26757, 26742, 26739, 26744, 26751, 26741, 26754, 26775, 26776, 26773, 26768, 26763, 26772, 26783, 26779, 26782, 26781, 26770, 26769, 26778, 26766, 26771, 26784, 26780, 26765, 26762, 26767, 26774, 26764, 26777, 26798, 26799, 26796, 26791, 26786, 26795, 26806, 26802, 26805, 26804, 26793, 26792, 26801, 26789, 26794, 26807, 26803, 26788, 26785, 26790, 26797, 26787, 26800, 26821, 26822, 26819, 26814, 26809, 26818, 26829, 26825, 26828, 26827, 26816, 26815, 26824, 26812, 26817, 26830, 26826, 26811, 26808, 26813, 26820, 26810, 26823, 26844, 26845, 26842, 26837, 26832, 26841, 26852, 26848, 26851, 26850, 26839, 26838, 26847, 26835, 26840, 26853, 26849, 26834, 26831, 26836, 26843, 26833, 26846, 26867, 26868, 26865, 26860, 26855, 26864, 26875, 26871, 26874, 26873, 26862, 26861, 26870, 26858, 26863, 26876, 26872, 26857, 26854, 26859, 26866, 26856, 26869, 26890, 26891, 26888, 26883, 26878, 26887, 26898, 26894, 26897, 26896, 26885, 26884, 26893, 26881, 26886, 26899, 26895, 26880, 26877, 26882, 26889, 26879, 26892, 26913, 26914, 26911, 26906, 26901, 26910, 26921, 26917, 26920, 26919, 26908, 26907, 26916, 26904, 26909, 26922, 26918, 26903, 26900, 26905, 26912, 26902, 26915)
